-1 -1 -1 3 11 2252 1697 17 2.75 1 DMul
-1 -1 -1 3 11 2252 1697 17 2.75 1 DMul
-1 -1 -1 4 11 2202 1697 16 3.38 1 DMul
-1 -1 -1 4 11 2202 1697 16 3.38 1 DMul
-1 -1 -1 5 11 660 997 9 4.35 1 DMul
-1 -1 -1 5 11 660 997 9 4.35 1 DMul
-1 -1 -1 6 11 660 997 9 4.35 1 DMul
-1 -1 -1 6 11 660 997 9 4.35 1 DMul
-1 -1 -1 7 11 601 980 7 5.67 1 DMul
-1 -1 -1 7 11 601 980 7 5.67 1 DMul
-1 -1 -1 8 11 546 968 6 6.67 1 DMul
-1 -1 -1 8 11 546 968 6 6.67 1 DMul
-1 -1 -1 9 11 508 967 5 7.79 1 DMul
-1 -1 -1 9 11 508 967 5 7.79 1 DMul
-1 -1 -1 10 11 508 967 5 7.79 1 DMul
-1 -1 -1 10 11 508 967 5 7.79 1 DMul
-1 -1 -1 12.5 11 490 958 4 9.9 1 DMul
-1 -1 -1 12.5 11 490 958 4 9.9 1 DMul
-1 -1 -1 15 11 490 958 4 9.9 1 DMul
-1 -1 -1 15 11 490 958 4 9.9 1 DMul
-1 -1 -1 16 11 466 958 3 13.8 1 DMul
-1 -1 -1 16 11 466 958 3 13.8 1 DMul
-1 -1 -1 17.5 11 466 958 3 13.8 1 DMul
-1 -1 -1 17.5 11 466 958 3 13.8 1 DMul
-1 -1 -1 20 11 466 958 3 13.8 1 DMul
-1 -1 -1 20 11 466 958 3 13.8 1 DMul
-1 -1 -1 25 11 403 958 3 13.8 1 DMul
-1 -1 -1 25 11 403 958 3 13.8 1 DMul
-1 -1 -1 30 11 403 958 3 13.8 1 DMul
-1 -1 -1 30 11 403 958 3 13.8 1 DMul