4 4 4 3 0 869 548 11 3.132 1 ---
4 4 4 3 0 869 548 11 3.132 1 ---
4 4 4 4 0 455 320 4 3.485 1 ---
4 4 4 4 0 455 320 4 3.485 1 ---
4 4 4 5 0 38 234 2 4.088 1 ---
4 4 4 5 0 38 234 2 4.088 1 ---
4 4 4 6 0 38 234 2 4.088 1 ---
4 4 4 6 0 38 234 2 4.088 1 ---
4 4 4 7 0 38 234 2 4.088 1 ---
4 4 4 7 0 38 234 2 4.088 1 ---
4 4 4 8 0 38 234 2 4.088 1 ---
4 4 4 8 0 38 234 2 4.088 1 ---
4 4 4 9 0 5 234 1 7.573 1 ---
4 4 4 9 0 5 234 1 7.573 1 ---
4 4 4 10 0 5 234 1 7.573 1 ---
4 4 4 10 0 5 234 1 7.573 1 ---
4 4 4 12.5 0 0 234 0 10.72 1 ---
4 4 4 12.5 0 0 234 0 10.72 1 ---
4 4 4 15 0 0 234 0 10.72 1 ---
4 4 4 15 0 0 234 0 10.72 1 ---
4 4 4 16 0 0 234 0 10.72 1 ---
4 4 4 16 0 0 234 0 10.72 1 ---
4 4 4 17.5 0 0 234 0 10.72 1 ---
4 4 4 17.5 0 0 234 0 10.72 1 ---
4 4 4 20 0 0 234 0 10.72 1 ---
4 4 4 20 0 0 234 0 10.72 1 ---
6 6 6 3 0 875 554 11 3.132 1 ---
6 6 6 3 0 875 554 11 3.132 1 ---
6 6 6 4 0 459 326 4 3.485 1 ---
6 6 6 4 0 459 326 4 3.485 1 ---
6 6 6 5 0 40 240 2 4.088 1 ---
6 6 6 5 0 40 240 2 4.088 1 ---
6 6 6 6 0 40 240 2 4.088 1 ---
6 6 6 6 0 40 240 2 4.088 1 ---
6 6 6 7 0 40 240 2 4.088 1 ---
6 6 6 7 0 40 240 2 4.088 1 ---
6 6 6 8 0 40 240 2 4.088 1 ---
6 6 6 8 0 40 240 2 4.088 1 ---
6 6 6 9 0 7 240 1 7.573 1 ---
6 6 6 9 0 7 240 1 7.573 1 ---
6 6 6 10 0 7 240 1 7.573 1 ---
6 6 6 10 0 7 240 1 7.573 1 ---
6 6 6 12.5 0 0 240 0 10.889 1 ---
6 6 6 12.5 0 0 240 0 10.889 1 ---
6 6 6 15 0 0 240 0 10.889 1 ---
6 6 6 15 0 0 240 0 10.889 1 ---
6 6 6 16 0 0 240 0 10.889 1 ---
6 6 6 16 0 0 240 0 10.889 1 ---
6 6 6 17.5 0 0 240 0 10.889 1 ---
6 6 6 17.5 0 0 240 0 10.889 1 ---
6 6 6 20 0 0 240 0 10.889 1 ---
6 6 6 20 0 0 240 0 10.889 1 ---
8 8 8 3 0 881 558 11 3.132 1 ---
8 8 8 3 0 881 558 11 3.132 1 ---
8 8 8 4 0 463 330 4 3.485 1 ---
8 8 8 4 0 463 330 4 3.485 1 ---
8 8 8 5 0 42 244 2 4.088 1 ---
8 8 8 5 0 42 244 2 4.088 1 ---
8 8 8 6 0 42 244 2 4.088 1 ---
8 8 8 6 0 42 244 2 4.088 1 ---
8 8 8 7 0 42 244 2 4.088 1 ---
8 8 8 7 0 42 244 2 4.088 1 ---
8 8 8 8 0 42 244 2 4.088 1 ---
8 8 8 8 0 42 244 2 4.088 1 ---
8 8 8 9 0 9 244 1 7.573 1 ---
8 8 8 9 0 9 244 1 7.573 1 ---
8 8 8 10 0 9 244 1 7.573 1 ---
8 8 8 10 0 9 244 1 7.573 1 ---
8 8 8 12.5 0 9 244 1 7.573 1 ---
8 8 8 12.5 0 9 244 1 7.573 1 ---
8 8 8 15 0 0 244 0 11.058 1 ---
8 8 8 15 0 0 244 0 11.058 1 ---
8 8 8 16 0 0 244 0 11.058 1 ---
8 8 8 16 0 0 244 0 11.058 1 ---
8 8 8 17.5 0 0 244 0 11.058 1 ---
8 8 8 17.5 0 0 244 0 11.058 1 ---
8 8 8 20 0 0 244 0 11.058 1 ---
8 8 8 20 0 0 244 0 11.058 1 ---
8 8 8 25 0 0 244 0 11.058 1 ---
8 8 8 25 0 0 244 0 11.058 1 ---
10 10 10 3 0 903 564 11 3.132 1 ---
10 10 10 3 0 903 564 11 3.132 1 ---
10 10 10 4 0 483 336 4 3.493 1 ---
10 10 10 4 0 483 336 4 3.493 1 ---
10 10 10 5 0 44 250 2 4.088 1 ---
10 10 10 5 0 44 250 2 4.088 1 ---
10 10 10 6 0 44 250 2 4.088 1 ---
10 10 10 6 0 44 250 2 4.088 1 ---
10 10 10 7 0 44 250 2 4.088 1 ---
10 10 10 7 0 44 250 2 4.088 1 ---
10 10 10 8 0 44 250 2 4.088 1 ---
10 10 10 8 0 44 250 2 4.088 1 ---
10 10 10 9 0 11 250 1 7.573 1 ---
10 10 10 9 0 11 250 1 7.573 1 ---
10 10 10 10 0 11 250 1 7.573 1 ---
10 10 10 10 0 11 250 1 7.573 1 ---
10 10 10 12.5 0 11 250 1 7.573 1 ---
10 10 10 12.5 0 11 250 1 7.573 1 ---
10 10 10 15 0 0 250 0 11.066 1 ---
10 10 10 15 0 0 250 0 11.066 1 ---
10 10 10 16 0 0 250 0 11.066 1 ---
10 10 10 16 0 0 250 0 11.066 1 ---
10 10 10 17.5 0 0 250 0 11.066 1 ---
10 10 10 17.5 0 0 250 0 11.066 1 ---
10 10 10 20 0 0 250 0 11.066 1 ---
10 10 10 20 0 0 250 0 11.066 1 ---
10 10 10 25 0 0 250 0 11.066 1 ---
10 10 10 25 0 0 250 0 11.066 1 ---
44 44 44 3 0 1304 663 12 3.132 1 ---
44 44 44 3 0 1304 663 12 3.132 1 ---
44 44 44 4 0 691 438 5 3.485 1 ---
44 44 44 4 0 691 438 5 3.485 1 ---
44 44 44 5 0 122 352 3 4.088 1 ---
44 44 44 5 0 122 352 3 4.088 1 ---
44 44 44 6 0 78 352 2 4.377 1 ---
44 44 44 6 0 78 352 2 4.377 1 ---
44 44 44 7 0 78 352 2 4.377 1 ---
44 44 44 7 0 78 352 2 4.377 1 ---
44 44 44 8 0 78 352 2 4.377 1 ---
44 44 44 8 0 78 352 2 4.377 1 ---
44 44 44 9 0 45 352 1 7.573 1 ---
44 44 44 9 0 45 352 1 7.573 1 ---
44 44 44 10 0 34 352 1 8.465 1 ---
44 44 44 10 0 34 352 1 8.465 1 ---
44 44 44 12.5 0 34 352 1 8.465 1 ---
44 44 44 12.5 0 34 352 1 8.465 1 ---
44 44 44 15 0 0 352 0 11.95 1 ---
44 44 44 15 0 0 352 0 11.95 1 ---
44 44 44 16 0 0 352 0 11.95 1 ---
44 44 44 16 0 0 352 0 11.95 1 ---
44 44 44 17.5 0 0 352 0 11.95 1 ---
44 44 44 17.5 0 0 352 0 11.95 1 ---
44 44 44 20 0 0 352 0 11.95 1 ---
44 44 44 20 0 0 352 0 11.95 1 ---
44 44 44 25 0 0 352 0 11.95 1 ---
44 44 44 25 0 0 352 0 11.95 1 ---
46 46 46 3 0 1320 669 12 3.132 1 ---
46 46 46 3 0 1320 669 12 3.132 1 ---
46 46 46 4 0 697 444 5 3.485 1 ---
46 46 46 4 0 697 444 5 3.485 1 ---
46 46 46 5 0 126 358 3 4.088 1 ---
46 46 46 5 0 126 358 3 4.088 1 ---
46 46 46 6 0 80 358 2 4.439 1 ---
46 46 46 6 0 80 358 2 4.439 1 ---
46 46 46 7 0 80 358 2 4.439 1 ---
46 46 46 7 0 80 358 2 4.439 1 ---
46 46 46 8 0 80 358 2 4.439 1 ---
46 46 46 8 0 80 358 2 4.439 1 ---
46 46 46 9 0 47 358 1 7.573 1 ---
46 46 46 9 0 47 358 1 7.573 1 ---
46 46 46 10 0 34 358 1 8.527 1 ---
46 46 46 10 0 34 358 1 8.527 1 ---
46 46 46 12.5 0 34 358 1 8.527 1 ---
46 46 46 12.5 0 34 358 1 8.527 1 ---
46 46 46 15 0 0 358 0 12.012 1 ---
46 46 46 15 0 0 358 0 12.012 1 ---
46 46 46 16 0 0 358 0 12.012 1 ---
46 46 46 16 0 0 358 0 12.012 1 ---
46 46 46 17.5 0 0 358 0 12.012 1 ---
46 46 46 17.5 0 0 358 0 12.012 1 ---
46 46 46 20 0 0 358 0 12.012 1 ---
46 46 46 20 0 0 358 0 12.012 1 ---
46 46 46 25 0 0 358 0 12.012 1 ---
46 46 46 25 0 0 358 0 12.012 1 ---
48 48 48 3 0 1334 675 12 3.132 1 ---
48 48 48 3 0 1334 675 12 3.132 1 ---
48 48 48 4 0 703 450 5 3.485 1 ---
48 48 48 4 0 703 450 5 3.485 1 ---
48 48 48 5 0 130 364 3 4.088 1 ---
48 48 48 5 0 130 364 3 4.088 1 ---
48 48 48 6 0 82 364 2 4.502 1 ---
48 48 48 6 0 82 364 2 4.502 1 ---
48 48 48 7 0 82 364 2 4.502 1 ---
48 48 48 7 0 82 364 2 4.502 1 ---
48 48 48 8 0 82 364 2 4.502 1 ---
48 48 48 8 0 82 364 2 4.502 1 ---
48 48 48 9 0 49 364 1 7.573 1 ---
48 48 48 9 0 49 364 1 7.573 1 ---
48 48 48 10 0 34 364 1 8.59 1 ---
48 48 48 10 0 34 364 1 8.59 1 ---
48 48 48 12.5 0 34 364 1 8.59 1 ---
48 48 48 12.5 0 34 364 1 8.59 1 ---
48 48 48 15 0 0 364 0 12.075 1 ---
48 48 48 15 0 0 364 0 12.075 1 ---
48 48 48 16 0 0 364 0 12.075 1 ---
48 48 48 16 0 0 364 0 12.075 1 ---
48 48 48 17.5 0 0 364 0 12.075 1 ---
48 48 48 17.5 0 0 364 0 12.075 1 ---
48 48 48 20 0 0 364 0 12.075 1 ---
48 48 48 20 0 0 364 0 12.075 1 ---
48 48 48 25 0 0 364 0 12.075 1 ---
48 48 48 25 0 0 364 0 12.075 1 ---
50 50 50 3 0 1348 681 12 3.132 1 ---
50 50 50 3 0 1348 681 12 3.132 1 ---
50 50 50 4 0 709 456 5 3.485 1 ---
50 50 50 4 0 709 456 5 3.485 1 ---
50 50 50 5 0 134 370 3 4.088 1 ---
50 50 50 5 0 134 370 3 4.088 1 ---
50 50 50 6 0 84 370 2 4.564 1 ---
50 50 50 6 0 84 370 2 4.564 1 ---
50 50 50 7 0 84 370 2 4.564 1 ---
50 50 50 7 0 84 370 2 4.564 1 ---
50 50 50 8 0 84 370 2 4.564 1 ---
50 50 50 8 0 84 370 2 4.564 1 ---
50 50 50 9 0 51 370 1 7.573 1 ---
50 50 50 9 0 51 370 1 7.573 1 ---
50 50 50 10 0 34 370 1 8.652 1 ---
50 50 50 10 0 34 370 1 8.652 1 ---
50 50 50 12.5 0 34 370 1 8.652 1 ---
50 50 50 12.5 0 34 370 1 8.652 1 ---
50 50 50 15 0 0 370 0 12.137 1 ---
50 50 50 15 0 0 370 0 12.137 1 ---
50 50 50 16 0 0 370 0 12.137 1 ---
50 50 50 16 0 0 370 0 12.137 1 ---
50 50 50 17.5 0 0 370 0 12.137 1 ---
50 50 50 17.5 0 0 370 0 12.137 1 ---
50 50 50 20 0 0 370 0 12.137 1 ---
50 50 50 20 0 0 370 0 12.137 1 ---
50 50 50 25 0 0 370 0 12.137 1 ---
50 50 50 25 0 0 370 0 12.137 1 ---
52 52 52 3 0 1365 687 12 3.132 1 ---
52 52 52 3 0 1365 687 12 3.132 1 ---
52 52 52 4 0 715 462 5 3.485 1 ---
52 52 52 4 0 715 462 5 3.485 1 ---
52 52 52 5 0 138 376 3 4.088 1 ---
52 52 52 5 0 138 376 3 4.088 1 ---
52 52 52 6 0 86 376 2 4.616 1 ---
52 52 52 6 0 86 376 2 4.616 1 ---
52 52 52 7 0 86 376 2 4.616 1 ---
52 52 52 7 0 86 376 2 4.616 1 ---
52 52 52 8 0 86 376 2 4.616 1 ---
52 52 52 8 0 86 376 2 4.616 1 ---
52 52 52 9 0 53 376 1 7.573 1 ---
52 52 52 9 0 53 376 1 7.573 1 ---
52 52 52 10 0 34 376 1 8.704 1 ---
52 52 52 10 0 34 376 1 8.704 1 ---
52 52 52 12.5 0 34 376 1 8.704 1 ---
52 52 52 12.5 0 34 376 1 8.704 1 ---
52 52 52 15 0 0 376 0 12.189 1 ---
52 52 52 15 0 0 376 0 12.189 1 ---
52 52 52 16 0 0 376 0 12.189 1 ---
52 52 52 16 0 0 376 0 12.189 1 ---
52 52 52 17.5 0 0 376 0 12.189 1 ---
52 52 52 17.5 0 0 376 0 12.189 1 ---
52 52 52 20 0 0 376 0 12.189 1 ---
52 52 52 20 0 0 376 0 12.189 1 ---
52 52 52 25 0 0 376 0 12.189 1 ---
52 52 52 25 0 0 376 0 12.189 1 ---
54 54 54 3 0 1379 693 12 3.132 1 ---
54 54 54 3 0 1379 693 12 3.132 1 ---
54 54 54 4 0 721 468 5 3.485 1 ---
54 54 54 4 0 721 468 5 3.485 1 ---
54 54 54 5 0 142 382 3 4.088 1 ---
54 54 54 5 0 142 382 3 4.088 1 ---
54 54 54 6 0 88 382 2 4.669 1 ---
54 54 54 6 0 88 382 2 4.669 1 ---
54 54 54 7 0 88 382 2 4.669 1 ---
54 54 54 7 0 88 382 2 4.669 1 ---
54 54 54 8 0 88 382 2 4.669 1 ---
54 54 54 8 0 88 382 2 4.669 1 ---
54 54 54 9 0 55 382 1 7.573 1 ---
54 54 54 9 0 55 382 1 7.573 1 ---
54 54 54 10 0 55 382 1 7.573 1 ---
54 54 54 10 0 55 382 1 7.573 1 ---
54 54 54 12.5 0 34 382 1 8.757 1 ---
54 54 54 12.5 0 34 382 1 8.757 1 ---
54 54 54 15 0 0 382 0 12.242 1 ---
54 54 54 15 0 0 382 0 12.242 1 ---
54 54 54 16 0 0 382 0 12.242 1 ---
54 54 54 16 0 0 382 0 12.242 1 ---
54 54 54 17.5 0 0 382 0 12.242 1 ---
54 54 54 17.5 0 0 382 0 12.242 1 ---
54 54 54 20 0 0 382 0 12.242 1 ---
54 54 54 20 0 0 382 0 12.242 1 ---
54 54 54 25 0 0 382 0 12.242 1 ---
54 54 54 25 0 0 382 0 12.242 1 ---
56 56 56 3 0 1393 699 12 3.132 1 ---
56 56 56 3 0 1393 699 12 3.132 1 ---
56 56 56 4 0 727 474 5 3.485 1 ---
56 56 56 4 0 727 474 5 3.485 1 ---
56 56 56 5 0 146 388 3 4.088 1 ---
56 56 56 5 0 146 388 3 4.088 1 ---
56 56 56 6 0 90 388 2 4.721 1 ---
56 56 56 6 0 90 388 2 4.721 1 ---
56 56 56 7 0 90 388 2 4.721 1 ---
56 56 56 7 0 90 388 2 4.721 1 ---
56 56 56 8 0 90 388 2 4.721 1 ---
56 56 56 8 0 90 388 2 4.721 1 ---
56 56 56 9 0 57 388 1 7.573 1 ---
56 56 56 9 0 57 388 1 7.573 1 ---
56 56 56 10 0 57 388 1 7.573 1 ---
56 56 56 10 0 57 388 1 7.573 1 ---
56 56 56 12.5 0 34 388 1 8.809 1 ---
56 56 56 12.5 0 34 388 1 8.809 1 ---
56 56 56 15 0 0 388 0 12.294 1 ---
56 56 56 15 0 0 388 0 12.294 1 ---
56 56 56 16 0 0 388 0 12.294 1 ---
56 56 56 16 0 0 388 0 12.294 1 ---
56 56 56 17.5 0 0 388 0 12.294 1 ---
56 56 56 17.5 0 0 388 0 12.294 1 ---
56 56 56 20 0 0 388 0 12.294 1 ---
56 56 56 20 0 0 388 0 12.294 1 ---
56 56 56 25 0 0 388 0 12.294 1 ---
56 56 56 25 0 0 388 0 12.294 1 ---
58 58 58 3 0 1411 705 12 3.132 1 ---
58 58 58 3 0 1411 705 12 3.132 1 ---
58 58 58 4 0 733 480 5 3.485 1 ---
58 58 58 4 0 733 480 5 3.485 1 ---
58 58 58 5 0 150 394 3 4.088 1 ---
58 58 58 5 0 150 394 3 4.088 1 ---
58 58 58 6 0 92 394 2 4.773 1 ---
58 58 58 6 0 92 394 2 4.773 1 ---
58 58 58 7 0 92 394 2 4.773 1 ---
58 58 58 7 0 92 394 2 4.773 1 ---
58 58 58 8 0 92 394 2 4.773 1 ---
58 58 58 8 0 92 394 2 4.773 1 ---
58 58 58 9 0 59 394 1 7.573 1 ---
58 58 58 9 0 59 394 1 7.573 1 ---
58 58 58 10 0 59 394 1 7.573 1 ---
58 58 58 10 0 59 394 1 7.573 1 ---
58 58 58 12.5 0 34 394 1 8.861 1 ---
58 58 58 12.5 0 34 394 1 8.861 1 ---
58 58 58 15 0 0 394 0 12.346 1 ---
58 58 58 15 0 0 394 0 12.346 1 ---
58 58 58 16 0 0 394 0 12.346 1 ---
58 58 58 16 0 0 394 0 12.346 1 ---
58 58 58 17.5 0 0 394 0 12.346 1 ---
58 58 58 17.5 0 0 394 0 12.346 1 ---
58 58 58 20 0 0 394 0 12.346 1 ---
58 58 58 20 0 0 394 0 12.346 1 ---
58 58 58 25 0 0 394 0 12.346 1 ---
58 58 58 25 0 0 394 0 12.346 1 ---
60 60 60 3 0 1425 711 12 3.132 1 ---
60 60 60 3 0 1425 711 12 3.132 1 ---
60 60 60 4 0 739 486 5 3.485 1 ---
60 60 60 4 0 739 486 5 3.485 1 ---
60 60 60 5 0 154 400 3 4.088 1 ---
60 60 60 5 0 154 400 3 4.088 1 ---
60 60 60 6 0 94 400 2 4.825 1 ---
60 60 60 6 0 94 400 2 4.825 1 ---
60 60 60 7 0 94 400 2 4.825 1 ---
60 60 60 7 0 94 400 2 4.825 1 ---
60 60 60 8 0 94 400 2 4.825 1 ---
60 60 60 8 0 94 400 2 4.825 1 ---
60 60 60 9 0 61 400 1 7.573 1 ---
60 60 60 9 0 61 400 1 7.573 1 ---
60 60 60 10 0 61 400 1 7.573 1 ---
60 60 60 10 0 61 400 1 7.573 1 ---
60 60 60 12.5 0 34 400 1 8.913 1 ---
60 60 60 12.5 0 34 400 1 8.913 1 ---
60 60 60 15 0 0 400 0 12.398 1 ---
60 60 60 15 0 0 400 0 12.398 1 ---
60 60 60 16 0 0 400 0 12.398 1 ---
60 60 60 16 0 0 400 0 12.398 1 ---
60 60 60 17.5 0 0 400 0 12.398 1 ---
60 60 60 17.5 0 0 400 0 12.398 1 ---
60 60 60 20 0 0 400 0 12.398 1 ---
60 60 60 20 0 0 400 0 12.398 1 ---
60 60 60 25 0 0 400 0 12.398 1 ---
60 60 60 25 0 0 400 0 12.398 1 ---
62 62 62 3 0 1439 717 12 3.132 1 ---
62 62 62 3 0 1439 717 12 3.132 1 ---
62 62 62 4 0 1029 489 6 3.485 1 ---
62 62 62 4 0 1029 489 6 3.485 1 ---
62 62 62 5 0 158 406 3 4.088 1 ---
62 62 62 5 0 158 406 3 4.088 1 ---
62 62 62 6 0 96 406 2 4.878 1 ---
62 62 62 6 0 96 406 2 4.878 1 ---
62 62 62 7 0 96 406 2 4.878 1 ---
62 62 62 7 0 96 406 2 4.878 1 ---
62 62 62 8 0 96 406 2 4.878 1 ---
62 62 62 8 0 96 406 2 4.878 1 ---
62 62 62 9 0 63 406 1 7.573 1 ---
62 62 62 9 0 63 406 1 7.573 1 ---
62 62 62 10 0 63 406 1 7.573 1 ---
62 62 62 10 0 63 406 1 7.573 1 ---
62 62 62 12.5 0 34 406 1 8.966 1 ---
62 62 62 12.5 0 34 406 1 8.966 1 ---
62 62 62 15 0 0 406 0 12.451 1 ---
62 62 62 15 0 0 406 0 12.451 1 ---
62 62 62 16 0 0 406 0 12.451 1 ---
62 62 62 16 0 0 406 0 12.451 1 ---
62 62 62 17.5 0 0 406 0 12.451 1 ---
62 62 62 17.5 0 0 406 0 12.451 1 ---
62 62 62 20 0 0 406 0 12.451 1 ---
62 62 62 20 0 0 406 0 12.451 1 ---
62 62 62 25 0 0 406 0 12.451 1 ---
62 62 62 25 0 0 406 0 12.451 1 ---
64 64 64 3 0 1550 721 13 3.132 1 ---
64 64 64 3 0 1550 721 13 3.132 1 ---
64 64 64 4 0 1043 495 6 3.485 1 ---
64 64 64 4 0 1043 495 6 3.485 1 ---
64 64 64 5 0 162 412 3 4.088 1 ---
64 64 64 5 0 162 412 3 4.088 1 ---
64 64 64 6 0 98 412 2 4.93 1 ---
64 64 64 6 0 98 412 2 4.93 1 ---
64 64 64 7 0 98 412 2 4.93 1 ---
64 64 64 7 0 98 412 2 4.93 1 ---
64 64 64 8 0 98 412 2 4.93 1 ---
64 64 64 8 0 98 412 2 4.93 1 ---
64 64 64 9 0 65 412 1 7.573 1 ---
64 64 64 9 0 65 412 1 7.573 1 ---
64 64 64 10 0 65 412 1 7.573 1 ---
64 64 64 10 0 65 412 1 7.573 1 ---
64 64 64 12.5 0 34 412 1 9.018 1 ---
64 64 64 12.5 0 34 412 1 9.018 1 ---
64 64 64 15 0 0 412 0 12.503 1 ---
64 64 64 15 0 0 412 0 12.503 1 ---
64 64 64 16 0 0 412 0 12.503 1 ---
64 64 64 16 0 0 412 0 12.503 1 ---
64 64 64 17.5 0 0 412 0 12.503 1 ---
64 64 64 17.5 0 0 412 0 12.503 1 ---
64 64 64 20 0 0 412 0 12.503 1 ---
64 64 64 20 0 0 412 0 12.503 1 ---
64 64 64 25 0 0 412 0 12.503 1 ---
64 64 64 25 0 0 412 0 12.503 1 ---
12 12 12 3 0 909 570 11 3.132 1 ---
12 12 12 3 0 909 570 11 3.132 1 ---
12 12 12 4 0 499 342 5 3.485 1 ---
12 12 12 4 0 499 342 5 3.485 1 ---
12 12 12 5 0 46 256 2 4.088 1 ---
12 12 12 5 0 46 256 2 4.088 1 ---
12 12 12 6 0 46 256 2 4.088 1 ---
12 12 12 6 0 46 256 2 4.088 1 ---
12 12 12 7 0 46 256 2 4.088 1 ---
12 12 12 7 0 46 256 2 4.088 1 ---
12 12 12 8 0 46 256 2 4.088 1 ---
12 12 12 8 0 46 256 2 4.088 1 ---
12 12 12 9 0 13 256 1 7.573 1 ---
12 12 12 9 0 13 256 1 7.573 1 ---
12 12 12 10 0 13 256 1 7.573 1 ---
12 12 12 10 0 13 256 1 7.573 1 ---
12 12 12 12.5 0 13 256 1 7.573 1 ---
12 12 12 12.5 0 13 256 1 7.573 1 ---
12 12 12 15 0 0 256 0 11.073 1 ---
12 12 12 15 0 0 256 0 11.073 1 ---
12 12 12 16 0 0 256 0 11.073 1 ---
12 12 12 16 0 0 256 0 11.073 1 ---
12 12 12 17.5 0 0 256 0 11.073 1 ---
12 12 12 17.5 0 0 256 0 11.073 1 ---
12 12 12 20 0 0 256 0 11.073 1 ---
12 12 12 20 0 0 256 0 11.073 1 ---
12 12 12 25 0 0 256 0 11.073 1 ---
12 12 12 25 0 0 256 0 11.073 1 ---
14 14 14 3 0 915 576 11 3.132 1 ---
14 14 14 3 0 915 576 11 3.132 1 ---
14 14 14 4 0 505 348 5 3.485 1 ---
14 14 14 4 0 505 348 5 3.485 1 ---
14 14 14 5 0 48 262 2 4.088 1 ---
14 14 14 5 0 48 262 2 4.088 1 ---
14 14 14 6 0 48 262 2 4.088 1 ---
14 14 14 6 0 48 262 2 4.088 1 ---
14 14 14 7 0 48 262 2 4.088 1 ---
14 14 14 7 0 48 262 2 4.088 1 ---
14 14 14 8 0 48 262 2 4.088 1 ---
14 14 14 8 0 48 262 2 4.088 1 ---
14 14 14 9 0 15 262 1 7.573 1 ---
14 14 14 9 0 15 262 1 7.573 1 ---
14 14 14 10 0 15 262 1 7.573 1 ---
14 14 14 10 0 15 262 1 7.573 1 ---
14 14 14 12.5 0 15 262 1 7.573 1 ---
14 14 14 12.5 0 15 262 1 7.573 1 ---
14 14 14 15 0 0 262 0 11.081 1 ---
14 14 14 15 0 0 262 0 11.081 1 ---
14 14 14 16 0 0 262 0 11.081 1 ---
14 14 14 16 0 0 262 0 11.081 1 ---
14 14 14 17.5 0 0 262 0 11.081 1 ---
14 14 14 17.5 0 0 262 0 11.081 1 ---
14 14 14 20 0 0 262 0 11.081 1 ---
14 14 14 20 0 0 262 0 11.081 1 ---
14 14 14 25 0 0 262 0 11.081 1 ---
14 14 14 25 0 0 262 0 11.081 1 ---
16 16 16 3 0 921 582 11 3.132 1 ---
16 16 16 3 0 921 582 11 3.132 1 ---
16 16 16 4 0 511 354 5 3.485 1 ---
16 16 16 4 0 511 354 5 3.485 1 ---
16 16 16 5 0 50 268 2 4.088 1 ---
16 16 16 5 0 50 268 2 4.088 1 ---
16 16 16 6 0 50 268 2 4.088 1 ---
16 16 16 6 0 50 268 2 4.088 1 ---
16 16 16 7 0 50 268 2 4.088 1 ---
16 16 16 7 0 50 268 2 4.088 1 ---
16 16 16 8 0 50 268 2 4.088 1 ---
16 16 16 8 0 50 268 2 4.088 1 ---
16 16 16 9 0 17 268 1 7.573 1 ---
16 16 16 9 0 17 268 1 7.573 1 ---
16 16 16 10 0 17 268 1 7.573 1 ---
16 16 16 10 0 17 268 1 7.573 1 ---
16 16 16 12.5 0 17 268 1 7.573 1 ---
16 16 16 12.5 0 17 268 1 7.573 1 ---
16 16 16 15 0 0 268 0 11.089 1 ---
16 16 16 15 0 0 268 0 11.089 1 ---
16 16 16 16 0 0 268 0 11.089 1 ---
16 16 16 16 0 0 268 0 11.089 1 ---
16 16 16 17.5 0 0 268 0 11.089 1 ---
16 16 16 17.5 0 0 268 0 11.089 1 ---
16 16 16 20 0 0 268 0 11.089 1 ---
16 16 16 20 0 0 268 0 11.089 1 ---
16 16 16 25 0 0 268 0 11.089 1 ---
16 16 16 25 0 0 268 0 11.089 1 ---
18 18 18 3 0 959 588 11 3.132 1 ---
18 18 18 3 0 959 588 11 3.132 1 ---
18 18 18 4 0 549 360 5 3.485 1 ---
18 18 18 4 0 549 360 5 3.485 1 ---
18 18 18 5 0 52 274 2 4.088 1 ---
18 18 18 5 0 52 274 2 4.088 1 ---
18 18 18 6 0 52 274 2 4.088 1 ---
18 18 18 6 0 52 274 2 4.088 1 ---
18 18 18 7 0 52 274 2 4.088 1 ---
18 18 18 7 0 52 274 2 4.088 1 ---
18 18 18 8 0 52 274 2 4.088 1 ---
18 18 18 8 0 52 274 2 4.088 1 ---
18 18 18 9 0 19 274 1 7.573 1 ---
18 18 18 9 0 19 274 1 7.573 1 ---
18 18 18 10 0 19 274 1 7.573 1 ---
18 18 18 10 0 19 274 1 7.573 1 ---
18 18 18 12.5 0 19 274 1 7.573 1 ---
18 18 18 12.5 0 19 274 1 7.573 1 ---
18 18 18 15 0 0 274 0 11.159 1 ---
18 18 18 15 0 0 274 0 11.159 1 ---
18 18 18 16 0 0 274 0 11.159 1 ---
18 18 18 16 0 0 274 0 11.159 1 ---
18 18 18 17.5 0 0 274 0 11.159 1 ---
18 18 18 17.5 0 0 274 0 11.159 1 ---
18 18 18 20 0 0 274 0 11.159 1 ---
18 18 18 20 0 0 274 0 11.159 1 ---
18 18 18 25 0 0 274 0 11.159 1 ---
18 18 18 25 0 0 274 0 11.159 1 ---
20 20 20 3 0 965 594 11 3.132 1 ---
20 20 20 3 0 965 594 11 3.132 1 ---
20 20 20 4 0 555 366 5 3.485 1 ---
20 20 20 4 0 555 366 5 3.485 1 ---
20 20 20 5 0 54 280 2 4.088 1 ---
20 20 20 5 0 54 280 2 4.088 1 ---
20 20 20 6 0 54 280 2 4.088 1 ---
20 20 20 6 0 54 280 2 4.088 1 ---
20 20 20 7 0 54 280 2 4.088 1 ---
20 20 20 7 0 54 280 2 4.088 1 ---
20 20 20 8 0 54 280 2 4.088 1 ---
20 20 20 8 0 54 280 2 4.088 1 ---
20 20 20 9 0 21 280 1 7.573 1 ---
20 20 20 9 0 21 280 1 7.573 1 ---
20 20 20 10 0 21 280 1 7.573 1 ---
20 20 20 10 0 21 280 1 7.573 1 ---
20 20 20 12.5 0 21 280 1 7.573 1 ---
20 20 20 12.5 0 21 280 1 7.573 1 ---
20 20 20 15 0 0 280 0 11.228 1 ---
20 20 20 15 0 0 280 0 11.228 1 ---
20 20 20 16 0 0 280 0 11.228 1 ---
20 20 20 16 0 0 280 0 11.228 1 ---
20 20 20 17.5 0 0 280 0 11.228 1 ---
20 20 20 17.5 0 0 280 0 11.228 1 ---
20 20 20 20 0 0 280 0 11.228 1 ---
20 20 20 20 0 0 280 0 11.228 1 ---
20 20 20 25 0 0 280 0 11.228 1 ---
20 20 20 25 0 0 280 0 11.228 1 ---
22 22 22 3 0 971 600 11 3.132 1 ---
22 22 22 3 0 971 600 11 3.132 1 ---
22 22 22 4 0 561 372 5 3.485 1 ---
22 22 22 4 0 561 372 5 3.485 1 ---
22 22 22 5 0 56 286 2 4.088 1 ---
22 22 22 5 0 56 286 2 4.088 1 ---
22 22 22 6 0 56 286 2 4.088 1 ---
22 22 22 6 0 56 286 2 4.088 1 ---
22 22 22 7 0 56 286 2 4.088 1 ---
22 22 22 7 0 56 286 2 4.088 1 ---
22 22 22 8 0 56 286 2 4.088 1 ---
22 22 22 8 0 56 286 2 4.088 1 ---
22 22 22 9 0 23 286 1 7.573 1 ---
22 22 22 9 0 23 286 1 7.573 1 ---
22 22 22 10 0 23 286 1 7.573 1 ---
22 22 22 10 0 23 286 1 7.573 1 ---
22 22 22 12.5 0 23 286 1 7.573 1 ---
22 22 22 12.5 0 23 286 1 7.573 1 ---
22 22 22 15 0 0 286 0 11.297 1 ---
22 22 22 15 0 0 286 0 11.297 1 ---
22 22 22 16 0 0 286 0 11.297 1 ---
22 22 22 16 0 0 286 0 11.297 1 ---
22 22 22 17.5 0 0 286 0 11.297 1 ---
22 22 22 17.5 0 0 286 0 11.297 1 ---
22 22 22 20 0 0 286 0 11.297 1 ---
22 22 22 20 0 0 286 0 11.297 1 ---
22 22 22 25 0 0 286 0 11.297 1 ---
22 22 22 25 0 0 286 0 11.297 1 ---
24 24 24 3 0 977 606 11 3.132 1 ---
24 24 24 3 0 977 606 11 3.132 1 ---
24 24 24 4 0 567 378 5 3.485 1 ---
24 24 24 4 0 567 378 5 3.485 1 ---
24 24 24 5 0 58 292 2 4.088 1 ---
24 24 24 5 0 58 292 2 4.088 1 ---
24 24 24 6 0 58 292 2 4.088 1 ---
24 24 24 6 0 58 292 2 4.088 1 ---
24 24 24 7 0 58 292 2 4.088 1 ---
24 24 24 7 0 58 292 2 4.088 1 ---
24 24 24 8 0 58 292 2 4.088 1 ---
24 24 24 8 0 58 292 2 4.088 1 ---
24 24 24 9 0 25 292 1 7.573 1 ---
24 24 24 9 0 25 292 1 7.573 1 ---
24 24 24 10 0 25 292 1 7.573 1 ---
24 24 24 10 0 25 292 1 7.573 1 ---
24 24 24 12.5 0 25 292 1 7.573 1 ---
24 24 24 12.5 0 25 292 1 7.573 1 ---
24 24 24 15 0 0 292 0 11.367 1 ---
24 24 24 15 0 0 292 0 11.367 1 ---
24 24 24 16 0 0 292 0 11.367 1 ---
24 24 24 16 0 0 292 0 11.367 1 ---
24 24 24 17.5 0 0 292 0 11.367 1 ---
24 24 24 17.5 0 0 292 0 11.367 1 ---
24 24 24 20 0 0 292 0 11.367 1 ---
24 24 24 20 0 0 292 0 11.367 1 ---
24 24 24 25 0 0 292 0 11.367 1 ---
24 24 24 25 0 0 292 0 11.367 1 ---
26 26 26 3 0 983 612 11 3.132 1 ---
26 26 26 3 0 983 612 11 3.132 1 ---
26 26 26 4 0 573 384 5 3.485 1 ---
26 26 26 4 0 573 384 5 3.485 1 ---
26 26 26 5 0 60 298 2 4.088 1 ---
26 26 26 5 0 60 298 2 4.088 1 ---
26 26 26 6 0 60 298 2 4.088 1 ---
26 26 26 6 0 60 298 2 4.088 1 ---
26 26 26 7 0 60 298 2 4.088 1 ---
26 26 26 7 0 60 298 2 4.088 1 ---
26 26 26 8 0 60 298 2 4.088 1 ---
26 26 26 8 0 60 298 2 4.088 1 ---
26 26 26 9 0 27 298 1 7.573 1 ---
26 26 26 9 0 27 298 1 7.573 1 ---
26 26 26 10 0 27 298 1 7.573 1 ---
26 26 26 10 0 27 298 1 7.573 1 ---
26 26 26 12.5 0 27 298 1 7.573 1 ---
26 26 26 12.5 0 27 298 1 7.573 1 ---
26 26 26 15 0 0 298 0 11.437 1 ---
26 26 26 15 0 0 298 0 11.437 1 ---
26 26 26 16 0 0 298 0 11.437 1 ---
26 26 26 16 0 0 298 0 11.437 1 ---
26 26 26 17.5 0 0 298 0 11.437 1 ---
26 26 26 17.5 0 0 298 0 11.437 1 ---
26 26 26 20 0 0 298 0 11.437 1 ---
26 26 26 20 0 0 298 0 11.437 1 ---
26 26 26 25 0 0 298 0 11.437 1 ---
26 26 26 25 0 0 298 0 11.437 1 ---
28 28 28 3 0 989 618 11 3.132 1 ---
28 28 28 3 0 989 618 11 3.132 1 ---
28 28 28 4 0 579 390 5 3.485 1 ---
28 28 28 4 0 579 390 5 3.485 1 ---
28 28 28 5 0 62 304 2 4.088 1 ---
28 28 28 5 0 62 304 2 4.088 1 ---
28 28 28 6 0 62 304 2 4.088 1 ---
28 28 28 6 0 62 304 2 4.088 1 ---
28 28 28 7 0 62 304 2 4.088 1 ---
28 28 28 7 0 62 304 2 4.088 1 ---
28 28 28 8 0 62 304 2 4.088 1 ---
28 28 28 8 0 62 304 2 4.088 1 ---
28 28 28 9 0 29 304 1 7.573 1 ---
28 28 28 9 0 29 304 1 7.573 1 ---
28 28 28 10 0 29 304 1 7.573 1 ---
28 28 28 10 0 29 304 1 7.573 1 ---
28 28 28 12.5 0 29 304 1 7.573 1 ---
28 28 28 12.5 0 29 304 1 7.573 1 ---
28 28 28 15 0 0 304 0 11.506 1 ---
28 28 28 15 0 0 304 0 11.506 1 ---
28 28 28 16 0 0 304 0 11.506 1 ---
28 28 28 16 0 0 304 0 11.506 1 ---
28 28 28 17.5 0 0 304 0 11.506 1 ---
28 28 28 17.5 0 0 304 0 11.506 1 ---
28 28 28 20 0 0 304 0 11.506 1 ---
28 28 28 20 0 0 304 0 11.506 1 ---
28 28 28 25 0 0 304 0 11.506 1 ---
28 28 28 25 0 0 304 0 11.506 1 ---
30 30 30 3 0 1148 624 12 3.132 1 ---
30 30 30 3 0 1148 624 12 3.132 1 ---
30 30 30 4 0 585 396 5 3.485 1 ---
30 30 30 4 0 585 396 5 3.485 1 ---
30 30 30 5 0 64 310 2 4.088 1 ---
30 30 30 5 0 64 310 2 4.088 1 ---
30 30 30 6 0 64 310 2 4.088 1 ---
30 30 30 6 0 64 310 2 4.088 1 ---
30 30 30 7 0 64 310 2 4.088 1 ---
30 30 30 7 0 64 310 2 4.088 1 ---
30 30 30 8 0 64 310 2 4.088 1 ---
30 30 30 8 0 64 310 2 4.088 1 ---
30 30 30 9 0 31 310 1 7.573 1 ---
30 30 30 9 0 31 310 1 7.573 1 ---
30 30 30 10 0 31 310 1 7.573 1 ---
30 30 30 10 0 31 310 1 7.573 1 ---
30 30 30 12.5 0 31 310 1 7.573 1 ---
30 30 30 12.5 0 31 310 1 7.573 1 ---
30 30 30 15 0 0 310 0 11.576 1 ---
30 30 30 15 0 0 310 0 11.576 1 ---
30 30 30 16 0 0 310 0 11.576 1 ---
30 30 30 16 0 0 310 0 11.576 1 ---
30 30 30 17.5 0 0 310 0 11.576 1 ---
30 30 30 17.5 0 0 310 0 11.576 1 ---
30 30 30 20 0 0 310 0 11.576 1 ---
30 30 30 20 0 0 310 0 11.576 1 ---
30 30 30 25 0 0 310 0 11.576 1 ---
30 30 30 25 0 0 310 0 11.576 1 ---
32 32 32 3 0 1154 628 12 3.132 1 ---
32 32 32 3 0 1154 628 12 3.132 1 ---
32 32 32 4 0 591 402 5 3.485 1 ---
32 32 32 4 0 591 402 5 3.485 1 ---
32 32 32 5 0 66 316 2 4.088 1 ---
32 32 32 5 0 66 316 2 4.088 1 ---
32 32 32 6 0 66 316 2 4.088 1 ---
32 32 32 6 0 66 316 2 4.088 1 ---
32 32 32 7 0 66 316 2 4.088 1 ---
32 32 32 7 0 66 316 2 4.088 1 ---
32 32 32 8 0 66 316 2 4.088 1 ---
32 32 32 8 0 66 316 2 4.088 1 ---
32 32 32 9 0 33 316 1 7.573 1 ---
32 32 32 9 0 33 316 1 7.573 1 ---
32 32 32 10 0 33 316 1 7.573 1 ---
32 32 32 10 0 33 316 1 7.573 1 ---
32 32 32 12.5 0 33 316 1 7.573 1 ---
32 32 32 12.5 0 33 316 1 7.573 1 ---
32 32 32 15 0 0 316 0 11.645 1 ---
32 32 32 15 0 0 316 0 11.645 1 ---
32 32 32 16 0 0 316 0 11.645 1 ---
32 32 32 16 0 0 316 0 11.645 1 ---
32 32 32 17.5 0 0 316 0 11.645 1 ---
32 32 32 17.5 0 0 316 0 11.645 1 ---
32 32 32 20 0 0 316 0 11.645 1 ---
32 32 32 20 0 0 316 0 11.645 1 ---
32 32 32 25 0 0 316 0 11.645 1 ---
32 32 32 25 0 0 316 0 11.645 1 ---
34 34 34 3 0 1229 633 12 3.132 1 ---
34 34 34 3 0 1229 633 12 3.132 1 ---
34 34 34 4 0 661 408 5 3.485 1 ---
34 34 34 4 0 661 408 5 3.485 1 ---
34 34 34 5 0 68 322 2 4.117 1 ---
34 34 34 5 0 68 322 2 4.117 1 ---
34 34 34 6 0 68 322 2 4.117 1 ---
34 34 34 6 0 68 322 2 4.117 1 ---
34 34 34 7 0 68 322 2 4.117 1 ---
34 34 34 7 0 68 322 2 4.117 1 ---
34 34 34 8 0 68 322 2 4.117 1 ---
34 34 34 8 0 68 322 2 4.117 1 ---
34 34 34 9 0 35 322 1 7.573 1 ---
34 34 34 9 0 35 322 1 7.573 1 ---
34 34 34 10 0 34 322 1 8.205 1 ---
34 34 34 10 0 34 322 1 8.205 1 ---
34 34 34 12.5 0 34 322 1 8.205 1 ---
34 34 34 12.5 0 34 322 1 8.205 1 ---
34 34 34 15 0 0 322 0 11.69 1 ---
34 34 34 15 0 0 322 0 11.69 1 ---
34 34 34 16 0 0 322 0 11.69 1 ---
34 34 34 16 0 0 322 0 11.69 1 ---
34 34 34 17.5 0 0 322 0 11.69 1 ---
34 34 34 17.5 0 0 322 0 11.69 1 ---
34 34 34 20 0 0 322 0 11.69 1 ---
34 34 34 20 0 0 322 0 11.69 1 ---
34 34 34 25 0 0 322 0 11.69 1 ---
34 34 34 25 0 0 322 0 11.69 1 ---
36 36 36 3 0 1243 639 12 3.132 1 ---
36 36 36 3 0 1243 639 12 3.132 1 ---
36 36 36 4 0 667 414 5 3.485 1 ---
36 36 36 4 0 667 414 5 3.485 1 ---
36 36 36 5 0 70 328 2 4.162 1 ---
36 36 36 5 0 70 328 2 4.162 1 ---
36 36 36 6 0 70 328 2 4.162 1 ---
36 36 36 6 0 70 328 2 4.162 1 ---
36 36 36 7 0 70 328 2 4.162 1 ---
36 36 36 7 0 70 328 2 4.162 1 ---
36 36 36 8 0 70 328 2 4.162 1 ---
36 36 36 8 0 70 328 2 4.162 1 ---
36 36 36 9 0 37 328 1 7.573 1 ---
36 36 36 9 0 37 328 1 7.573 1 ---
36 36 36 10 0 34 328 1 8.25 1 ---
36 36 36 10 0 34 328 1 8.25 1 ---
36 36 36 12.5 0 34 328 1 8.25 1 ---
36 36 36 12.5 0 34 328 1 8.25 1 ---
36 36 36 15 0 0 328 0 11.735 1 ---
36 36 36 15 0 0 328 0 11.735 1 ---
36 36 36 16 0 0 328 0 11.735 1 ---
36 36 36 16 0 0 328 0 11.735 1 ---
36 36 36 17.5 0 0 328 0 11.735 1 ---
36 36 36 17.5 0 0 328 0 11.735 1 ---
36 36 36 20 0 0 328 0 11.735 1 ---
36 36 36 20 0 0 328 0 11.735 1 ---
36 36 36 25 0 0 328 0 11.735 1 ---
36 36 36 25 0 0 328 0 11.735 1 ---
38 38 38 3 0 1259 645 12 3.132 1 ---
38 38 38 3 0 1259 645 12 3.132 1 ---
38 38 38 4 0 673 420 5 3.485 1 ---
38 38 38 4 0 673 420 5 3.485 1 ---
38 38 38 5 0 72 334 2 4.207 1 ---
38 38 38 5 0 72 334 2 4.207 1 ---
38 38 38 6 0 72 334 2 4.207 1 ---
38 38 38 6 0 72 334 2 4.207 1 ---
38 38 38 7 0 72 334 2 4.207 1 ---
38 38 38 7 0 72 334 2 4.207 1 ---
38 38 38 8 0 72 334 2 4.207 1 ---
38 38 38 8 0 72 334 2 4.207 1 ---
38 38 38 9 0 39 334 1 7.573 1 ---
38 38 38 9 0 39 334 1 7.573 1 ---
38 38 38 10 0 34 334 1 8.295 1 ---
38 38 38 10 0 34 334 1 8.295 1 ---
38 38 38 12.5 0 34 334 1 8.295 1 ---
38 38 38 12.5 0 34 334 1 8.295 1 ---
38 38 38 15 0 0 334 0 11.78 1 ---
38 38 38 15 0 0 334 0 11.78 1 ---
38 38 38 16 0 0 334 0 11.78 1 ---
38 38 38 16 0 0 334 0 11.78 1 ---
38 38 38 17.5 0 0 334 0 11.78 1 ---
38 38 38 17.5 0 0 334 0 11.78 1 ---
38 38 38 20 0 0 334 0 11.78 1 ---
38 38 38 20 0 0 334 0 11.78 1 ---
38 38 38 25 0 0 334 0 11.78 1 ---
38 38 38 25 0 0 334 0 11.78 1 ---
40 40 40 3 0 1273 651 12 3.132 1 ---
40 40 40 3 0 1273 651 12 3.132 1 ---
40 40 40 4 0 679 426 5 3.485 1 ---
40 40 40 4 0 679 426 5 3.485 1 ---
40 40 40 5 0 74 340 2 4.252 1 ---
40 40 40 5 0 74 340 2 4.252 1 ---
40 40 40 6 0 74 340 2 4.252 1 ---
40 40 40 6 0 74 340 2 4.252 1 ---
40 40 40 7 0 74 340 2 4.252 1 ---
40 40 40 7 0 74 340 2 4.252 1 ---
40 40 40 8 0 74 340 2 4.252 1 ---
40 40 40 8 0 74 340 2 4.252 1 ---
40 40 40 9 0 41 340 1 7.573 1 ---
40 40 40 9 0 41 340 1 7.573 1 ---
40 40 40 10 0 34 340 1 8.34 1 ---
40 40 40 10 0 34 340 1 8.34 1 ---
40 40 40 12.5 0 34 340 1 8.34 1 ---
40 40 40 12.5 0 34 340 1 8.34 1 ---
40 40 40 15 0 0 340 0 11.825 1 ---
40 40 40 15 0 0 340 0 11.825 1 ---
40 40 40 16 0 0 340 0 11.825 1 ---
40 40 40 16 0 0 340 0 11.825 1 ---
40 40 40 17.5 0 0 340 0 11.825 1 ---
40 40 40 17.5 0 0 340 0 11.825 1 ---
40 40 40 20 0 0 340 0 11.825 1 ---
40 40 40 20 0 0 340 0 11.825 1 ---
40 40 40 25 0 0 340 0 11.825 1 ---
40 40 40 25 0 0 340 0 11.825 1 ---
42 42 42 3 0 1290 657 12 3.132 1 ---
42 42 42 3 0 1290 657 12 3.132 1 ---
42 42 42 4 0 685 432 5 3.485 1 ---
42 42 42 4 0 685 432 5 3.485 1 ---
42 42 42 5 0 76 346 2 4.314 1 ---
42 42 42 5 0 76 346 2 4.314 1 ---
42 42 42 6 0 76 346 2 4.314 1 ---
42 42 42 6 0 76 346 2 4.314 1 ---
42 42 42 7 0 76 346 2 4.314 1 ---
42 42 42 7 0 76 346 2 4.314 1 ---
42 42 42 8 0 76 346 2 4.314 1 ---
42 42 42 8 0 76 346 2 4.314 1 ---
42 42 42 9 0 43 346 1 7.573 1 ---
42 42 42 9 0 43 346 1 7.573 1 ---
42 42 42 10 0 34 346 1 8.402 1 ---
42 42 42 10 0 34 346 1 8.402 1 ---
42 42 42 12.5 0 34 346 1 8.402 1 ---
42 42 42 12.5 0 34 346 1 8.402 1 ---
42 42 42 15 0 0 346 0 11.887 1 ---
42 42 42 15 0 0 346 0 11.887 1 ---
42 42 42 16 0 0 346 0 11.887 1 ---
42 42 42 16 0 0 346 0 11.887 1 ---
42 42 42 17.5 0 0 346 0 11.887 1 ---
42 42 42 17.5 0 0 346 0 11.887 1 ---
42 42 42 20 0 0 346 0 11.887 1 ---
42 42 42 20 0 0 346 0 11.887 1 ---
42 42 42 25 0 0 346 0 11.887 1 ---
42 42 42 25 0 0 346 0 11.887 1 ---
