-1 -1 -1 3 0 75 248 3 2.63 1 FCmp
-1 -1 -1 3 0 75 248 3 2.63 1 FCmp
-1 -1 -1 4 0 75 248 3 2.63 1 FCmp
-1 -1 -1 4 0 75 248 3 2.63 1 FCmp
-1 -1 -1 5 0 75 248 3 2.63 1 FCmp
-1 -1 -1 5 0 75 248 3 2.63 1 FCmp
-1 -1 -1 6 0 66 239 2 4.41 1 FCmp
-1 -1 -1 6 0 66 239 2 4.41 1 FCmp
-1 -1 -1 7 0 66 239 1 5.29 1 FCmp
-1 -1 -1 7 0 66 239 1 5.29 1 FCmp
-1 -1 -1 8 0 66 239 0 6.61 1 FCmp
-1 -1 -1 8 0 66 239 0 6.61 1 FCmp
-1 -1 -1 9 0 66 239 0 6.61 1 FCmp
-1 -1 -1 9 0 66 239 0 6.61 1 FCmp
-1 -1 -1 10 0 66 239 0 6.61 1 FCmp
-1 -1 -1 10 0 66 239 0 6.61 1 FCmp
-1 -1 -1 12.5 0 66 239 0 6.61 1 FCmp
-1 -1 -1 12.5 0 66 239 0 6.61 1 FCmp
-1 -1 -1 15 0 66 239 0 6.61 1 FCmp
-1 -1 -1 15 0 66 239 0 6.61 1 FCmp
