-1 -1 -1 3 0 1439 1038 29 3.59 1 FDiv
-1 -1 -1 3 0 1439 1038 29 3.59 1 FDiv
-1 -1 -1 4 0 1439 1038 29 3.59 1 FDiv
-1 -1 -1 4 0 1439 1038 29 3.59 1 FDiv
-1 -1 -1 5 0 1439 1038 29 3.59 1 FDiv
-1 -1 -1 5 0 1439 1038 29 3.59 1 FDiv
-1 -1 -1 6 0 1439 1038 29 3.59 1 FDiv
-1 -1 -1 6 0 1439 1038 29 3.59 1 FDiv
-1 -1 -1 7 0 763 997 16 5.83 1 FDiv
-1 -1 -1 7 0 763 997 16 5.83 1 FDiv
-1 -1 -1 8 0 762 990 15 6.18 1 FDiv
-1 -1 -1 8 0 762 990 15 6.18 1 FDiv
-1 -1 -1 9 0 762 990 15 6.18 1 FDiv
-1 -1 -1 9 0 762 990 15 6.18 1 FDiv
-1 -1 -1 10 0 564 991 11 8.38 1 FDiv
-1 -1 -1 10 0 564 991 11 8.38 1 FDiv
-1 -1 -1 12.5 0 460 989 10 10.7 1 FDiv
-1 -1 -1 12.5 0 460 989 10 10.7 1 FDiv
-1 -1 -1 15 0 460 987 9 11.0 1 FDiv
-1 -1 -1 15 0 460 987 9 11.0 1 FDiv
-1 -1 -1 16 0 412 987 8 13.6 1 FDiv
-1 -1 -1 16 0 412 987 8 13.6 1 FDiv
-1 -1 -1 17.5 0 412 987 8 13.6 1 FDiv
-1 -1 -1 17.5 0 412 987 8 13.6 1 FDiv
-1 -1 -1 20 0 364 985 7 15.8 1 FDiv
-1 -1 -1 20 0 364 985 7 15.8 1 FDiv
-1 -1 -1 25 0 316 989 6 18.1 1 FDiv
-1 -1 -1 25 0 316 989 6 18.1 1 FDiv
-1 -1 -1 30 0 269 978 5 23.4 1 FDiv
-1 -1 -1 30 0 269 978 5 23.4 1 FDiv
