-1 -1 -1 3 0 6160 3870 58 4.61 1 DDiv
-1 -1 -1 3 0 6160 3870 58 4.61 1 DDiv
-1 -1 -1 4 0 6160 3870 58 4.61 1 DDiv
-1 -1 -1 4 0 6160 3870 58 4.61 1 DDiv
-1 -1 -1 5 0 6160 3870 58 4.61 1 DDiv
-1 -1 -1 5 0 6160 3870 58 4.61 1 DDiv
-1 -1 -1 6 0 6160 3870 58 4.61 1 DDiv
-1 -1 -1 6 0 6160 3870 58 4.61 1 DDiv
-1 -1 -1 7 0 6160 3870 58 4.61 1 DDiv
-1 -1 -1 7 0 6160 3870 58 4.61 1 DDiv
-1 -1 -1 8 0 6160 3870 58 4.61 1 DDiv
-1 -1 -1 8 0 6160 3870 58 4.61 1 DDiv
-1 -1 -1 9 0 3217 3698 50 7.83 1 DDiv
-1 -1 -1 9 0 3217 3698 50 7.83 1 DDiv
-1 -1 -1 10 0 3211 3644 30 8.45 1 DDiv
-1 -1 -1 10 0 3211 3644 30 8.45 1 DDiv
-1 -1 -1 12.5 0 3211 3644 30 8.45 1 DDiv
-1 -1 -1 12.5 0 3211 3644 30 8.45 1 DDiv
-1 -1 -1 15 0 2246 3619 21 11.2 1 DDiv
-1 -1 -1 15 0 2246 3619 21 11.2 1 DDiv
-1 -1 -1 16 0 2246 3619 21 11.2 1 DDiv
-1 -1 -1 16 0 2246 3619 21 11.2 1 DDiv
-1 -1 -1 17.5 0 1718 3625 20 15.0 1 DDiv
-1 -1 -1 17.5 0 1718 3625 20 15.0 1 DDiv
-1 -1 -1 20 0 1710 3628 16 15.5 1 DDiv
-1 -1 -1 20 0 1710 3628 16 15.5 1 DDiv
-1 -1 -1 25 0 1392 3614 13 18.9 1 DDiv
-1 -1 -1 25 0 1392 3614 13 18.9 1 DDiv
-1 -1 -1 30 0 1072 3607 10 26.0 1 DDiv
-1 -1 -1 30 0 1072 3607 10 26.0 1 DDiv
