-1 -1 -1 3 3 1126 1104 15 3.69 1 DAddSub
-1 -1 -1 3 3 1126 1104 15 3.69 1 DAddSub
-1 -1 -1 4 3 1126 1104 15 3.69 1 DAddSub
-1 -1 -1 4 3 1126 1104 15 3.69 1 DAddSub
-1 -1 -1 5 3 979 1169 12 4.24 1 DAddSub
-1 -1 -1 5 3 979 1169 12 4.24 1 DAddSub
-1 -1 -1 6 3 754 1084 9 5.19 1 DAddSub
-1 -1 -1 6 3 754 1084 9 5.19 1 DAddSub
-1 -1 -1 7 3 686 1091 7 5.52 1 DAddSub
-1 -1 -1 7 3 686 1091 7 5.52 1 DAddSub
-1 -1 -1 8 3 686 1091 7 5.52 1 DAddSub
-1 -1 -1 8 3 686 1091 7 5.52 1 DAddSub
-1 -1 -1 9 3 686 1091 7 5.52 1 DAddSub
-1 -1 -1 9 3 686 1091 7 5.52 1 DAddSub
-1 -1 -1 10 3 509 1165 5 8.37 1 DAddSub
-1 -1 -1 10 3 509 1165 5 8.37 1 DAddSub
-1 -1 -1 12.5 3 445 1144 4 9.54 1 DAddSub
-1 -1 -1 12.5 3 445 1144 4 9.54 1 DAddSub
-1 -1 -1 15 3 445 1144 4 9.54 1 DAddSub
-1 -1 -1 15 3 445 1144 4 9.54 1 DAddSub
-1 -1 -1 16 3 432 1125 3 13.6 1 DAddSub
-1 -1 -1 16 3 432 1125 3 13.6 1 DAddSub
-1 -1 -1 17.5 3 432 1125 3 13.6 1 DAddSub
-1 -1 -1 17.5 3 432 1125 3 13.6 1 DAddSub
-1 -1 -1 20 3 432 1125 3 13.6 1 DAddSub
-1 -1 -1 20 3 432 1125 3 13.6 1 DAddSub
-1 -1 -1 25 3 432 1125 3 13.6 1 DAddSub
-1 -1 -1 25 3 432 1125 3 13.6 1 DAddSub
-1 -1 -1 30 3 342 1065 2 24.8 1 DAddSub
-1 -1 -1 30 3 342 1065 2 24.8 1 DAddSub
-1 -1 -1 3 3 2674 2119 15 3.64 1 DAddSub
-1 -1 -1 3 3 2674 2119 15 3.64 1 DAddSub
-1 -1 -1 4 3 2674 2119 15 3.64 1 DAddSub
-1 -1 -1 4 3 2674 2119 15 3.64 1 DAddSub
-1 -1 -1 5 3 1961 1637 13 4.36 1 DAddSub
-1 -1 -1 5 3 1961 1637 13 4.36 1 DAddSub
-1 -1 -1 6 3 904 1476 8 5.07 1 DAddSub
-1 -1 -1 6 3 904 1476 8 5.07 1 DAddSub
-1 -1 -1 7 3 891 1453 7 5.76 1 DAddSub
-1 -1 -1 7 3 891 1453 7 5.76 1 DAddSub
-1 -1 -1 8 3 878 1453 7 5.76 1 DAddSub
-1 -1 -1 8 3 878 1453 7 5.76 1 DAddSub
-1 -1 -1 9 3 821 1523 6 7.29 1 DAddSub
-1 -1 -1 9 3 821 1523 6 7.29 1 DAddSub
-1 -1 -1 10 3 636 1531 4 8.23 1 DAddSub
-1 -1 -1 10 3 636 1531 4 8.23 1 DAddSub
-1 -1 -1 12.5 3 636 1531 4 8.23 1 DAddSub
-1 -1 -1 12.5 3 636 1531 4 8.23 1 DAddSub
-1 -1 -1 15 3 636 1531 4 8.23 1 DAddSub
-1 -1 -1 15 3 636 1531 4 8.23 1 DAddSub
-1 -1 -1 16 3 636 1531 4 8.23 1 DAddSub
-1 -1 -1 16 3 636 1531 4 8.23 1 DAddSub
-1 -1 -1 17.5 3 621 1512 3 14.7 1 DAddSub
-1 -1 -1 17.5 3 621 1512 3 14.7 1 DAddSub
-1 -1 -1 20 3 621 1512 3 14.7 1 DAddSub
-1 -1 -1 20 3 621 1512 3 14.7 1 DAddSub
-1 -1 -1 25 3 558 1512 3 14.7 1 DAddSub
-1 -1 -1 25 3 558 1512 3 14.7 1 DAddSub
-1 -1 -1 30 3 533 1447 2 25.8 1 DAddSub
-1 -1 -1 30 3 533 1447 2 25.8 1 DAddSub