-1 -1 -1 3 3 1126 1104 15 3.69 1 DAddSub
-1 -1 -1 3 3 1126 1104 15 3.69 1 DAddSub
-1 -1 -1 4 3 1126 1104 15 3.69 1 DAddSub
-1 -1 -1 4 3 1126 1104 15 3.69 1 DAddSub
-1 -1 -1 5 3 979 1169 12 4.24 1 DAddSub
-1 -1 -1 5 3 979 1169 12 4.24 1 DAddSub
-1 -1 -1 6 3 754 1084 9 5.19 1 DAddSub
-1 -1 -1 6 3 754 1084 9 5.19 1 DAddSub
-1 -1 -1 7 3 686 1091 7 5.52 1 DAddSub
-1 -1 -1 7 3 686 1091 7 5.52 1 DAddSub
-1 -1 -1 8 3 686 1091 7 5.52 1 DAddSub
-1 -1 -1 8 3 686 1091 7 5.52 1 DAddSub
-1 -1 -1 9 3 686 1091 7 5.52 1 DAddSub
-1 -1 -1 9 3 686 1091 7 5.52 1 DAddSub
-1 -1 -1 10 3 509 1165 5 8.37 1 DAddSub
-1 -1 -1 10 3 509 1165 5 8.37 1 DAddSub
-1 -1 -1 12.5 3 445 1144 4 9.54 1 DAddSub
-1 -1 -1 12.5 3 445 1144 4 9.54 1 DAddSub
-1 -1 -1 15 3 445 1144 4 9.54 1 DAddSub
-1 -1 -1 15 3 445 1144 4 9.54 1 DAddSub
-1 -1 -1 16 3 432 1125 3 13.6 1 DAddSub
-1 -1 -1 16 3 432 1125 3 13.6 1 DAddSub
-1 -1 -1 17.5 3 432 1125 3 13.6 1 DAddSub
-1 -1 -1 17.5 3 432 1125 3 13.6 1 DAddSub
-1 -1 -1 20 3 432 1125 3 13.6 1 DAddSub
-1 -1 -1 20 3 432 1125 3 13.6 1 DAddSub
-1 -1 -1 25 3 432 1125 3 13.6 1 DAddSub
-1 -1 -1 25 3 432 1125 3 13.6 1 DAddSub
-1 -1 -1 30 3 342 1065 2 24.8 1 DAddSub
-1 -1 -1 30 3 342 1065 2 24.8 1 DAddSub
