4 4 4 3 0 860 531 9 3.132 1 ---
4 4 4 3 0 860 531 9 3.132 1 ---
4 4 4 4 0 450 303 3 3.485 1 ---
4 4 4 4 0 450 303 3 3.485 1 ---
4 4 4 5 0 33 217 1 4.088 1 ---
4 4 4 5 0 33 217 1 4.088 1 ---
4 4 4 6 0 33 217 1 4.088 1 ---
4 4 4 6 0 33 217 1 4.088 1 ---
4 4 4 7 0 33 217 1 4.088 1 ---
4 4 4 7 0 33 217 1 4.088 1 ---
4 4 4 8 0 33 217 1 4.088 1 ---
4 4 4 8 0 33 217 1 4.088 1 ---
4 4 4 9 0 0 217 0 7.573 1 ---
4 4 4 9 0 0 217 0 7.573 1 ---
4 4 4 10 0 0 217 0 7.573 1 ---
4 4 4 10 0 0 217 0 7.573 1 ---
4 4 4 12.5 0 0 217 0 7.573 1 ---
4 4 4 12.5 0 0 217 0 7.573 1 ---
4 4 4 15 0 0 217 0 7.573 1 ---
4 4 4 15 0 0 217 0 7.573 1 ---
4 4 4 16 0 0 217 0 7.573 1 ---
4 4 4 16 0 0 217 0 7.573 1 ---
6 6 6 3 0 862 533 9 3.132 1 ---
6 6 6 3 0 862 533 9 3.132 1 ---
6 6 6 4 0 452 305 3 3.485 1 ---
6 6 6 4 0 452 305 3 3.485 1 ---
6 6 6 5 0 33 219 1 4.088 1 ---
6 6 6 5 0 33 219 1 4.088 1 ---
6 6 6 6 0 33 219 1 4.088 1 ---
6 6 6 6 0 33 219 1 4.088 1 ---
6 6 6 7 0 33 219 1 4.088 1 ---
6 6 6 7 0 33 219 1 4.088 1 ---
6 6 6 8 0 33 219 1 4.088 1 ---
6 6 6 8 0 33 219 1 4.088 1 ---
6 6 6 9 0 0 219 0 7.573 1 ---
6 6 6 9 0 0 219 0 7.573 1 ---
6 6 6 10 0 0 219 0 7.573 1 ---
6 6 6 10 0 0 219 0 7.573 1 ---
6 6 6 12.5 0 0 219 0 7.573 1 ---
6 6 6 12.5 0 0 219 0 7.573 1 ---
6 6 6 15 0 0 219 0 7.573 1 ---
6 6 6 15 0 0 219 0 7.573 1 ---
6 6 6 16 0 0 219 0 7.573 1 ---
6 6 6 16 0 0 219 0 7.573 1 ---
8 8 8 3 0 864 535 9 3.132 1 ---
8 8 8 3 0 864 535 9 3.132 1 ---
8 8 8 4 0 454 307 3 3.485 1 ---
8 8 8 4 0 454 307 3 3.485 1 ---
8 8 8 5 0 33 221 1 4.088 1 ---
8 8 8 5 0 33 221 1 4.088 1 ---
8 8 8 6 0 33 221 1 4.088 1 ---
8 8 8 6 0 33 221 1 4.088 1 ---
8 8 8 7 0 33 221 1 4.088 1 ---
8 8 8 7 0 33 221 1 4.088 1 ---
8 8 8 8 0 33 221 1 4.088 1 ---
8 8 8 8 0 33 221 1 4.088 1 ---
8 8 8 9 0 0 221 0 7.573 1 ---
8 8 8 9 0 0 221 0 7.573 1 ---
8 8 8 10 0 0 221 0 7.573 1 ---
8 8 8 10 0 0 221 0 7.573 1 ---
8 8 8 12.5 0 0 221 0 7.573 1 ---
8 8 8 12.5 0 0 221 0 7.573 1 ---
8 8 8 15 0 0 221 0 7.573 1 ---
8 8 8 15 0 0 221 0 7.573 1 ---
8 8 8 16 0 0 221 0 7.573 1 ---
8 8 8 16 0 0 221 0 7.573 1 ---
10 10 10 3 0 882 537 9 3.132 1 ---
10 10 10 3 0 882 537 9 3.132 1 ---
10 10 10 4 0 472 309 3 3.485 1 ---
10 10 10 4 0 472 309 3 3.485 1 ---
10 10 10 5 0 33 223 1 4.088 1 ---
10 10 10 5 0 33 223 1 4.088 1 ---
10 10 10 6 0 33 223 1 4.088 1 ---
10 10 10 6 0 33 223 1 4.088 1 ---
10 10 10 7 0 33 223 1 4.088 1 ---
10 10 10 7 0 33 223 1 4.088 1 ---
10 10 10 8 0 33 223 1 4.088 1 ---
10 10 10 8 0 33 223 1 4.088 1 ---
10 10 10 9 0 0 223 0 7.573 1 ---
10 10 10 9 0 0 223 0 7.573 1 ---
10 10 10 10 0 0 223 0 7.573 1 ---
10 10 10 10 0 0 223 0 7.573 1 ---
10 10 10 12.5 0 0 223 0 7.573 1 ---
10 10 10 12.5 0 0 223 0 7.573 1 ---
10 10 10 15 0 0 223 0 7.573 1 ---
10 10 10 15 0 0 223 0 7.573 1 ---
10 10 10 16 0 0 223 0 7.573 1 ---
10 10 10 16 0 0 223 0 7.573 1 ---
44 44 44 3 0 1012 571 9 3.132 1 ---
44 44 44 3 0 1012 571 9 3.132 1 ---
44 44 44 4 0 602 343 3 3.485 1 ---
44 44 44 4 0 602 343 3 3.485 1 ---
44 44 44 5 0 33 257 1 4.088 1 ---
44 44 44 5 0 33 257 1 4.088 1 ---
44 44 44 6 0 33 257 1 4.088 1 ---
44 44 44 6 0 33 257 1 4.088 1 ---
44 44 44 7 0 33 257 1 4.088 1 ---
44 44 44 7 0 33 257 1 4.088 1 ---
44 44 44 8 0 33 257 1 4.088 1 ---
44 44 44 8 0 33 257 1 4.088 1 ---
44 44 44 9 0 0 257 0 7.573 1 ---
44 44 44 9 0 0 257 0 7.573 1 ---
44 44 44 10 0 0 257 0 7.573 1 ---
44 44 44 10 0 0 257 0 7.573 1 ---
44 44 44 12.5 0 0 257 0 7.573 1 ---
44 44 44 12.5 0 0 257 0 7.573 1 ---
44 44 44 15 0 0 257 0 7.573 1 ---
44 44 44 15 0 0 257 0 7.573 1 ---
44 44 44 16 0 0 257 0 7.573 1 ---
44 44 44 16 0 0 257 0 7.573 1 ---
46 46 46 3 0 1014 573 9 3.132 1 ---
46 46 46 3 0 1014 573 9 3.132 1 ---
46 46 46 4 0 604 345 3 3.485 1 ---
46 46 46 4 0 604 345 3 3.485 1 ---
46 46 46 5 0 33 259 1 4.088 1 ---
46 46 46 5 0 33 259 1 4.088 1 ---
46 46 46 6 0 33 259 1 4.088 1 ---
46 46 46 6 0 33 259 1 4.088 1 ---
46 46 46 7 0 33 259 1 4.088 1 ---
46 46 46 7 0 33 259 1 4.088 1 ---
46 46 46 8 0 33 259 1 4.088 1 ---
46 46 46 8 0 33 259 1 4.088 1 ---
46 46 46 9 0 0 259 0 7.573 1 ---
46 46 46 9 0 0 259 0 7.573 1 ---
46 46 46 10 0 0 259 0 7.573 1 ---
46 46 46 10 0 0 259 0 7.573 1 ---
46 46 46 12.5 0 0 259 0 7.573 1 ---
46 46 46 12.5 0 0 259 0 7.573 1 ---
46 46 46 15 0 0 259 0 7.573 1 ---
46 46 46 15 0 0 259 0 7.573 1 ---
46 46 46 16 0 0 259 0 7.573 1 ---
46 46 46 16 0 0 259 0 7.573 1 ---
48 48 48 3 0 1016 575 9 3.132 1 ---
48 48 48 3 0 1016 575 9 3.132 1 ---
48 48 48 4 0 606 347 3 3.485 1 ---
48 48 48 4 0 606 347 3 3.485 1 ---
48 48 48 5 0 33 261 1 4.088 1 ---
48 48 48 5 0 33 261 1 4.088 1 ---
48 48 48 6 0 33 261 1 4.088 1 ---
48 48 48 6 0 33 261 1 4.088 1 ---
48 48 48 7 0 33 261 1 4.088 1 ---
48 48 48 7 0 33 261 1 4.088 1 ---
48 48 48 8 0 33 261 1 4.088 1 ---
48 48 48 8 0 33 261 1 4.088 1 ---
48 48 48 9 0 0 261 0 7.573 1 ---
48 48 48 9 0 0 261 0 7.573 1 ---
48 48 48 10 0 0 261 0 7.573 1 ---
48 48 48 10 0 0 261 0 7.573 1 ---
48 48 48 12.5 0 0 261 0 7.573 1 ---
48 48 48 12.5 0 0 261 0 7.573 1 ---
48 48 48 15 0 0 261 0 7.573 1 ---
48 48 48 15 0 0 261 0 7.573 1 ---
48 48 48 16 0 0 261 0 7.573 1 ---
48 48 48 16 0 0 261 0 7.573 1 ---
50 50 50 3 0 1018 577 9 3.132 1 ---
50 50 50 3 0 1018 577 9 3.132 1 ---
50 50 50 4 0 608 349 3 3.485 1 ---
50 50 50 4 0 608 349 3 3.485 1 ---
50 50 50 5 0 33 263 1 4.088 1 ---
50 50 50 5 0 33 263 1 4.088 1 ---
50 50 50 6 0 33 263 1 4.088 1 ---
50 50 50 6 0 33 263 1 4.088 1 ---
50 50 50 7 0 33 263 1 4.088 1 ---
50 50 50 7 0 33 263 1 4.088 1 ---
50 50 50 8 0 33 263 1 4.088 1 ---
50 50 50 8 0 33 263 1 4.088 1 ---
50 50 50 9 0 0 263 0 7.573 1 ---
50 50 50 9 0 0 263 0 7.573 1 ---
50 50 50 10 0 0 263 0 7.573 1 ---
50 50 50 10 0 0 263 0 7.573 1 ---
50 50 50 12.5 0 0 263 0 7.573 1 ---
50 50 50 12.5 0 0 263 0 7.573 1 ---
50 50 50 15 0 0 263 0 7.573 1 ---
50 50 50 15 0 0 263 0 7.573 1 ---
50 50 50 16 0 0 263 0 7.573 1 ---
50 50 50 16 0 0 263 0 7.573 1 ---
52 52 52 3 0 1020 579 9 3.132 1 ---
52 52 52 3 0 1020 579 9 3.132 1 ---
52 52 52 4 0 610 351 3 3.485 1 ---
52 52 52 4 0 610 351 3 3.485 1 ---
52 52 52 5 0 33 265 1 4.088 1 ---
52 52 52 5 0 33 265 1 4.088 1 ---
52 52 52 6 0 33 265 1 4.088 1 ---
52 52 52 6 0 33 265 1 4.088 1 ---
52 52 52 7 0 33 265 1 4.088 1 ---
52 52 52 7 0 33 265 1 4.088 1 ---
52 52 52 8 0 33 265 1 4.088 1 ---
52 52 52 8 0 33 265 1 4.088 1 ---
52 52 52 9 0 0 265 0 7.573 1 ---
52 52 52 9 0 0 265 0 7.573 1 ---
52 52 52 10 0 0 265 0 7.573 1 ---
52 52 52 10 0 0 265 0 7.573 1 ---
52 52 52 12.5 0 0 265 0 7.573 1 ---
52 52 52 12.5 0 0 265 0 7.573 1 ---
52 52 52 15 0 0 265 0 7.573 1 ---
52 52 52 15 0 0 265 0 7.573 1 ---
52 52 52 16 0 0 265 0 7.573 1 ---
52 52 52 16 0 0 265 0 7.573 1 ---
54 54 54 3 0 1022 581 9 3.132 1 ---
54 54 54 3 0 1022 581 9 3.132 1 ---
54 54 54 4 0 612 353 3 3.485 1 ---
54 54 54 4 0 612 353 3 3.485 1 ---
54 54 54 5 0 33 267 1 4.088 1 ---
54 54 54 5 0 33 267 1 4.088 1 ---
54 54 54 6 0 33 267 1 4.088 1 ---
54 54 54 6 0 33 267 1 4.088 1 ---
54 54 54 7 0 33 267 1 4.088 1 ---
54 54 54 7 0 33 267 1 4.088 1 ---
54 54 54 8 0 33 267 1 4.088 1 ---
54 54 54 8 0 33 267 1 4.088 1 ---
54 54 54 9 0 0 267 0 7.573 1 ---
54 54 54 9 0 0 267 0 7.573 1 ---
54 54 54 10 0 0 267 0 7.573 1 ---
54 54 54 10 0 0 267 0 7.573 1 ---
54 54 54 12.5 0 0 267 0 7.573 1 ---
54 54 54 12.5 0 0 267 0 7.573 1 ---
54 54 54 15 0 0 267 0 7.573 1 ---
54 54 54 15 0 0 267 0 7.573 1 ---
54 54 54 16 0 0 267 0 7.573 1 ---
54 54 54 16 0 0 267 0 7.573 1 ---
56 56 56 3 0 1024 583 9 3.132 1 ---
56 56 56 3 0 1024 583 9 3.132 1 ---
56 56 56 4 0 614 355 3 3.485 1 ---
56 56 56 4 0 614 355 3 3.485 1 ---
56 56 56 5 0 33 269 1 4.088 1 ---
56 56 56 5 0 33 269 1 4.088 1 ---
56 56 56 6 0 33 269 1 4.088 1 ---
56 56 56 6 0 33 269 1 4.088 1 ---
56 56 56 7 0 33 269 1 4.088 1 ---
56 56 56 7 0 33 269 1 4.088 1 ---
56 56 56 8 0 33 269 1 4.088 1 ---
56 56 56 8 0 33 269 1 4.088 1 ---
56 56 56 9 0 0 269 0 7.573 1 ---
56 56 56 9 0 0 269 0 7.573 1 ---
56 56 56 10 0 0 269 0 7.573 1 ---
56 56 56 10 0 0 269 0 7.573 1 ---
56 56 56 12.5 0 0 269 0 7.573 1 ---
56 56 56 12.5 0 0 269 0 7.573 1 ---
56 56 56 15 0 0 269 0 7.573 1 ---
56 56 56 15 0 0 269 0 7.573 1 ---
56 56 56 16 0 0 269 0 7.573 1 ---
56 56 56 16 0 0 269 0 7.573 1 ---
58 58 58 3 0 1026 585 9 3.132 1 ---
58 58 58 3 0 1026 585 9 3.132 1 ---
58 58 58 4 0 616 357 3 3.485 1 ---
58 58 58 4 0 616 357 3 3.485 1 ---
58 58 58 5 0 33 271 1 4.088 1 ---
58 58 58 5 0 33 271 1 4.088 1 ---
58 58 58 6 0 33 271 1 4.088 1 ---
58 58 58 6 0 33 271 1 4.088 1 ---
58 58 58 7 0 33 271 1 4.088 1 ---
58 58 58 7 0 33 271 1 4.088 1 ---
58 58 58 8 0 33 271 1 4.088 1 ---
58 58 58 8 0 33 271 1 4.088 1 ---
58 58 58 9 0 0 271 0 7.573 1 ---
58 58 58 9 0 0 271 0 7.573 1 ---
58 58 58 10 0 0 271 0 7.573 1 ---
58 58 58 10 0 0 271 0 7.573 1 ---
58 58 58 12.5 0 0 271 0 7.573 1 ---
58 58 58 12.5 0 0 271 0 7.573 1 ---
58 58 58 15 0 0 271 0 7.573 1 ---
58 58 58 15 0 0 271 0 7.573 1 ---
58 58 58 16 0 0 271 0 7.573 1 ---
58 58 58 16 0 0 271 0 7.573 1 ---
60 60 60 3 0 1028 587 9 3.132 1 ---
60 60 60 3 0 1028 587 9 3.132 1 ---
60 60 60 4 0 618 359 3 3.485 1 ---
60 60 60 4 0 618 359 3 3.485 1 ---
60 60 60 5 0 33 273 1 4.088 1 ---
60 60 60 5 0 33 273 1 4.088 1 ---
60 60 60 6 0 33 273 1 4.088 1 ---
60 60 60 6 0 33 273 1 4.088 1 ---
60 60 60 7 0 33 273 1 4.088 1 ---
60 60 60 7 0 33 273 1 4.088 1 ---
60 60 60 8 0 33 273 1 4.088 1 ---
60 60 60 8 0 33 273 1 4.088 1 ---
60 60 60 9 0 0 273 0 7.573 1 ---
60 60 60 9 0 0 273 0 7.573 1 ---
60 60 60 10 0 0 273 0 7.573 1 ---
60 60 60 10 0 0 273 0 7.573 1 ---
60 60 60 12.5 0 0 273 0 7.573 1 ---
60 60 60 12.5 0 0 273 0 7.573 1 ---
60 60 60 15 0 0 273 0 7.573 1 ---
60 60 60 15 0 0 273 0 7.573 1 ---
60 60 60 16 0 0 273 0 7.573 1 ---
60 60 60 16 0 0 273 0 7.573 1 ---
62 62 62 3 0 1030 589 9 3.132 1 ---
62 62 62 3 0 1030 589 9 3.132 1 ---
62 62 62 4 0 620 361 3 3.485 1 ---
62 62 62 4 0 620 361 3 3.485 1 ---
62 62 62 5 0 33 275 1 4.088 1 ---
62 62 62 5 0 33 275 1 4.088 1 ---
62 62 62 6 0 33 275 1 4.088 1 ---
62 62 62 6 0 33 275 1 4.088 1 ---
62 62 62 7 0 33 275 1 4.088 1 ---
62 62 62 7 0 33 275 1 4.088 1 ---
62 62 62 8 0 33 275 1 4.088 1 ---
62 62 62 8 0 33 275 1 4.088 1 ---
62 62 62 9 0 0 275 0 7.573 1 ---
62 62 62 9 0 0 275 0 7.573 1 ---
62 62 62 10 0 0 275 0 7.573 1 ---
62 62 62 10 0 0 275 0 7.573 1 ---
62 62 62 12.5 0 0 275 0 7.573 1 ---
62 62 62 12.5 0 0 275 0 7.573 1 ---
62 62 62 15 0 0 275 0 7.573 1 ---
62 62 62 15 0 0 275 0 7.573 1 ---
62 62 62 16 0 0 275 0 7.573 1 ---
62 62 62 16 0 0 275 0 7.573 1 ---
64 64 64 3 0 1032 591 9 3.132 1 ---
64 64 64 3 0 1032 591 9 3.132 1 ---
64 64 64 4 0 622 363 3 3.485 1 ---
64 64 64 4 0 622 363 3 3.485 1 ---
64 64 64 5 0 33 277 1 4.088 1 ---
64 64 64 5 0 33 277 1 4.088 1 ---
64 64 64 6 0 33 277 1 4.088 1 ---
64 64 64 6 0 33 277 1 4.088 1 ---
64 64 64 7 0 33 277 1 4.088 1 ---
64 64 64 7 0 33 277 1 4.088 1 ---
64 64 64 8 0 33 277 1 4.088 1 ---
64 64 64 8 0 33 277 1 4.088 1 ---
64 64 64 9 0 0 277 0 7.573 1 ---
64 64 64 9 0 0 277 0 7.573 1 ---
64 64 64 10 0 0 277 0 7.573 1 ---
64 64 64 10 0 0 277 0 7.573 1 ---
64 64 64 12.5 0 0 277 0 7.573 1 ---
64 64 64 12.5 0 0 277 0 7.573 1 ---
64 64 64 15 0 0 277 0 7.573 1 ---
64 64 64 15 0 0 277 0 7.573 1 ---
64 64 64 16 0 0 277 0 7.573 1 ---
64 64 64 16 0 0 277 0 7.573 1 ---
12 12 12 3 0 884 539 9 3.132 1 ---
12 12 12 3 0 884 539 9 3.132 1 ---
12 12 12 4 0 474 311 3 3.485 1 ---
12 12 12 4 0 474 311 3 3.485 1 ---
12 12 12 5 0 33 225 1 4.088 1 ---
12 12 12 5 0 33 225 1 4.088 1 ---
12 12 12 6 0 33 225 1 4.088 1 ---
12 12 12 6 0 33 225 1 4.088 1 ---
12 12 12 7 0 33 225 1 4.088 1 ---
12 12 12 7 0 33 225 1 4.088 1 ---
12 12 12 8 0 33 225 1 4.088 1 ---
12 12 12 8 0 33 225 1 4.088 1 ---
12 12 12 9 0 0 225 0 7.573 1 ---
12 12 12 9 0 0 225 0 7.573 1 ---
12 12 12 10 0 0 225 0 7.573 1 ---
12 12 12 10 0 0 225 0 7.573 1 ---
12 12 12 12.5 0 0 225 0 7.573 1 ---
12 12 12 12.5 0 0 225 0 7.573 1 ---
12 12 12 15 0 0 225 0 7.573 1 ---
12 12 12 15 0 0 225 0 7.573 1 ---
12 12 12 16 0 0 225 0 7.573 1 ---
12 12 12 16 0 0 225 0 7.573 1 ---
14 14 14 3 0 886 541 9 3.132 1 ---
14 14 14 3 0 886 541 9 3.132 1 ---
14 14 14 4 0 476 313 3 3.485 1 ---
14 14 14 4 0 476 313 3 3.485 1 ---
14 14 14 5 0 33 227 1 4.088 1 ---
14 14 14 5 0 33 227 1 4.088 1 ---
14 14 14 6 0 33 227 1 4.088 1 ---
14 14 14 6 0 33 227 1 4.088 1 ---
14 14 14 7 0 33 227 1 4.088 1 ---
14 14 14 7 0 33 227 1 4.088 1 ---
14 14 14 8 0 33 227 1 4.088 1 ---
14 14 14 8 0 33 227 1 4.088 1 ---
14 14 14 9 0 0 227 0 7.573 1 ---
14 14 14 9 0 0 227 0 7.573 1 ---
14 14 14 10 0 0 227 0 7.573 1 ---
14 14 14 10 0 0 227 0 7.573 1 ---
14 14 14 12.5 0 0 227 0 7.573 1 ---
14 14 14 12.5 0 0 227 0 7.573 1 ---
14 14 14 15 0 0 227 0 7.573 1 ---
14 14 14 15 0 0 227 0 7.573 1 ---
14 14 14 16 0 0 227 0 7.573 1 ---
14 14 14 16 0 0 227 0 7.573 1 ---
16 16 16 3 0 888 543 9 3.132 1 ---
16 16 16 3 0 888 543 9 3.132 1 ---
16 16 16 4 0 478 315 3 3.485 1 ---
16 16 16 4 0 478 315 3 3.485 1 ---
16 16 16 5 0 33 229 1 4.088 1 ---
16 16 16 5 0 33 229 1 4.088 1 ---
16 16 16 6 0 33 229 1 4.088 1 ---
16 16 16 6 0 33 229 1 4.088 1 ---
16 16 16 7 0 33 229 1 4.088 1 ---
16 16 16 7 0 33 229 1 4.088 1 ---
16 16 16 8 0 33 229 1 4.088 1 ---
16 16 16 8 0 33 229 1 4.088 1 ---
16 16 16 9 0 0 229 0 7.573 1 ---
16 16 16 9 0 0 229 0 7.573 1 ---
16 16 16 10 0 0 229 0 7.573 1 ---
16 16 16 10 0 0 229 0 7.573 1 ---
16 16 16 12.5 0 0 229 0 7.573 1 ---
16 16 16 12.5 0 0 229 0 7.573 1 ---
16 16 16 15 0 0 229 0 7.573 1 ---
16 16 16 15 0 0 229 0 7.573 1 ---
16 16 16 16 0 0 229 0 7.573 1 ---
16 16 16 16 0 0 229 0 7.573 1 ---
18 18 18 3 0 922 545 9 3.132 1 ---
18 18 18 3 0 922 545 9 3.132 1 ---
18 18 18 4 0 512 317 3 3.485 1 ---
18 18 18 4 0 512 317 3 3.485 1 ---
18 18 18 5 0 33 231 1 4.088 1 ---
18 18 18 5 0 33 231 1 4.088 1 ---
18 18 18 6 0 33 231 1 4.088 1 ---
18 18 18 6 0 33 231 1 4.088 1 ---
18 18 18 7 0 33 231 1 4.088 1 ---
18 18 18 7 0 33 231 1 4.088 1 ---
18 18 18 8 0 33 231 1 4.088 1 ---
18 18 18 8 0 33 231 1 4.088 1 ---
18 18 18 9 0 0 231 0 7.573 1 ---
18 18 18 9 0 0 231 0 7.573 1 ---
18 18 18 10 0 0 231 0 7.573 1 ---
18 18 18 10 0 0 231 0 7.573 1 ---
18 18 18 12.5 0 0 231 0 7.573 1 ---
18 18 18 12.5 0 0 231 0 7.573 1 ---
18 18 18 15 0 0 231 0 7.573 1 ---
18 18 18 15 0 0 231 0 7.573 1 ---
18 18 18 16 0 0 231 0 7.573 1 ---
18 18 18 16 0 0 231 0 7.573 1 ---
20 20 20 3 0 924 547 9 3.132 1 ---
20 20 20 3 0 924 547 9 3.132 1 ---
20 20 20 4 0 514 319 3 3.485 1 ---
20 20 20 4 0 514 319 3 3.485 1 ---
20 20 20 5 0 33 233 1 4.088 1 ---
20 20 20 5 0 33 233 1 4.088 1 ---
20 20 20 6 0 33 233 1 4.088 1 ---
20 20 20 6 0 33 233 1 4.088 1 ---
20 20 20 7 0 33 233 1 4.088 1 ---
20 20 20 7 0 33 233 1 4.088 1 ---
20 20 20 8 0 33 233 1 4.088 1 ---
20 20 20 8 0 33 233 1 4.088 1 ---
20 20 20 9 0 0 233 0 7.573 1 ---
20 20 20 9 0 0 233 0 7.573 1 ---
20 20 20 10 0 0 233 0 7.573 1 ---
20 20 20 10 0 0 233 0 7.573 1 ---
20 20 20 12.5 0 0 233 0 7.573 1 ---
20 20 20 12.5 0 0 233 0 7.573 1 ---
20 20 20 15 0 0 233 0 7.573 1 ---
20 20 20 15 0 0 233 0 7.573 1 ---
20 20 20 16 0 0 233 0 7.573 1 ---
20 20 20 16 0 0 233 0 7.573 1 ---
22 22 22 3 0 926 549 9 3.132 1 ---
22 22 22 3 0 926 549 9 3.132 1 ---
22 22 22 4 0 516 321 3 3.485 1 ---
22 22 22 4 0 516 321 3 3.485 1 ---
22 22 22 5 0 33 235 1 4.088 1 ---
22 22 22 5 0 33 235 1 4.088 1 ---
22 22 22 6 0 33 235 1 4.088 1 ---
22 22 22 6 0 33 235 1 4.088 1 ---
22 22 22 7 0 33 235 1 4.088 1 ---
22 22 22 7 0 33 235 1 4.088 1 ---
22 22 22 8 0 33 235 1 4.088 1 ---
22 22 22 8 0 33 235 1 4.088 1 ---
22 22 22 9 0 0 235 0 7.573 1 ---
22 22 22 9 0 0 235 0 7.573 1 ---
22 22 22 10 0 0 235 0 7.573 1 ---
22 22 22 10 0 0 235 0 7.573 1 ---
22 22 22 12.5 0 0 235 0 7.573 1 ---
22 22 22 12.5 0 0 235 0 7.573 1 ---
22 22 22 15 0 0 235 0 7.573 1 ---
22 22 22 15 0 0 235 0 7.573 1 ---
22 22 22 16 0 0 235 0 7.573 1 ---
22 22 22 16 0 0 235 0 7.573 1 ---
24 24 24 3 0 928 551 9 3.132 1 ---
24 24 24 3 0 928 551 9 3.132 1 ---
24 24 24 4 0 518 323 3 3.485 1 ---
24 24 24 4 0 518 323 3 3.485 1 ---
24 24 24 5 0 33 237 1 4.088 1 ---
24 24 24 5 0 33 237 1 4.088 1 ---
24 24 24 6 0 33 237 1 4.088 1 ---
24 24 24 6 0 33 237 1 4.088 1 ---
24 24 24 7 0 33 237 1 4.088 1 ---
24 24 24 7 0 33 237 1 4.088 1 ---
24 24 24 8 0 33 237 1 4.088 1 ---
24 24 24 8 0 33 237 1 4.088 1 ---
24 24 24 9 0 0 237 0 7.573 1 ---
24 24 24 9 0 0 237 0 7.573 1 ---
24 24 24 10 0 0 237 0 7.573 1 ---
24 24 24 10 0 0 237 0 7.573 1 ---
24 24 24 12.5 0 0 237 0 7.573 1 ---
24 24 24 12.5 0 0 237 0 7.573 1 ---
24 24 24 15 0 0 237 0 7.573 1 ---
24 24 24 15 0 0 237 0 7.573 1 ---
24 24 24 16 0 0 237 0 7.573 1 ---
24 24 24 16 0 0 237 0 7.573 1 ---
26 26 26 3 0 930 553 9 3.132 1 ---
26 26 26 3 0 930 553 9 3.132 1 ---
26 26 26 4 0 520 325 3 3.485 1 ---
26 26 26 4 0 520 325 3 3.485 1 ---
26 26 26 5 0 33 239 1 4.088 1 ---
26 26 26 5 0 33 239 1 4.088 1 ---
26 26 26 6 0 33 239 1 4.088 1 ---
26 26 26 6 0 33 239 1 4.088 1 ---
26 26 26 7 0 33 239 1 4.088 1 ---
26 26 26 7 0 33 239 1 4.088 1 ---
26 26 26 8 0 33 239 1 4.088 1 ---
26 26 26 8 0 33 239 1 4.088 1 ---
26 26 26 9 0 0 239 0 7.573 1 ---
26 26 26 9 0 0 239 0 7.573 1 ---
26 26 26 10 0 0 239 0 7.573 1 ---
26 26 26 10 0 0 239 0 7.573 1 ---
26 26 26 12.5 0 0 239 0 7.573 1 ---
26 26 26 12.5 0 0 239 0 7.573 1 ---
26 26 26 15 0 0 239 0 7.573 1 ---
26 26 26 15 0 0 239 0 7.573 1 ---
26 26 26 16 0 0 239 0 7.573 1 ---
26 26 26 16 0 0 239 0 7.573 1 ---
28 28 28 3 0 932 555 9 3.132 1 ---
28 28 28 3 0 932 555 9 3.132 1 ---
28 28 28 4 0 522 327 3 3.485 1 ---
28 28 28 4 0 522 327 3 3.485 1 ---
28 28 28 5 0 33 241 1 4.088 1 ---
28 28 28 5 0 33 241 1 4.088 1 ---
28 28 28 6 0 33 241 1 4.088 1 ---
28 28 28 6 0 33 241 1 4.088 1 ---
28 28 28 7 0 33 241 1 4.088 1 ---
28 28 28 7 0 33 241 1 4.088 1 ---
28 28 28 8 0 33 241 1 4.088 1 ---
28 28 28 8 0 33 241 1 4.088 1 ---
28 28 28 9 0 0 241 0 7.573 1 ---
28 28 28 9 0 0 241 0 7.573 1 ---
28 28 28 10 0 0 241 0 7.573 1 ---
28 28 28 10 0 0 241 0 7.573 1 ---
28 28 28 12.5 0 0 241 0 7.573 1 ---
28 28 28 12.5 0 0 241 0 7.573 1 ---
28 28 28 15 0 0 241 0 7.573 1 ---
28 28 28 15 0 0 241 0 7.573 1 ---
28 28 28 16 0 0 241 0 7.573 1 ---
28 28 28 16 0 0 241 0 7.573 1 ---
30 30 30 3 0 934 557 9 3.132 1 ---
30 30 30 3 0 934 557 9 3.132 1 ---
30 30 30 4 0 524 329 3 3.485 1 ---
30 30 30 4 0 524 329 3 3.485 1 ---
30 30 30 5 0 33 243 1 4.088 1 ---
30 30 30 5 0 33 243 1 4.088 1 ---
30 30 30 6 0 33 243 1 4.088 1 ---
30 30 30 6 0 33 243 1 4.088 1 ---
30 30 30 7 0 33 243 1 4.088 1 ---
30 30 30 7 0 33 243 1 4.088 1 ---
30 30 30 8 0 33 243 1 4.088 1 ---
30 30 30 8 0 33 243 1 4.088 1 ---
30 30 30 9 0 0 243 0 7.573 1 ---
30 30 30 9 0 0 243 0 7.573 1 ---
30 30 30 10 0 0 243 0 7.573 1 ---
30 30 30 10 0 0 243 0 7.573 1 ---
30 30 30 12.5 0 0 243 0 7.573 1 ---
30 30 30 12.5 0 0 243 0 7.573 1 ---
30 30 30 15 0 0 243 0 7.573 1 ---
30 30 30 15 0 0 243 0 7.573 1 ---
30 30 30 16 0 0 243 0 7.573 1 ---
30 30 30 16 0 0 243 0 7.573 1 ---
32 32 32 3 0 936 559 9 3.132 1 ---
32 32 32 3 0 936 559 9 3.132 1 ---
32 32 32 4 0 526 331 3 3.485 1 ---
32 32 32 4 0 526 331 3 3.485 1 ---
32 32 32 5 0 33 245 1 4.088 1 ---
32 32 32 5 0 33 245 1 4.088 1 ---
32 32 32 6 0 33 245 1 4.088 1 ---
32 32 32 6 0 33 245 1 4.088 1 ---
32 32 32 7 0 33 245 1 4.088 1 ---
32 32 32 7 0 33 245 1 4.088 1 ---
32 32 32 8 0 33 245 1 4.088 1 ---
32 32 32 8 0 33 245 1 4.088 1 ---
32 32 32 9 0 0 245 0 7.573 1 ---
32 32 32 9 0 0 245 0 7.573 1 ---
32 32 32 10 0 0 245 0 7.573 1 ---
32 32 32 10 0 0 245 0 7.573 1 ---
32 32 32 12.5 0 0 245 0 7.573 1 ---
32 32 32 12.5 0 0 245 0 7.573 1 ---
32 32 32 15 0 0 245 0 7.573 1 ---
32 32 32 15 0 0 245 0 7.573 1 ---
32 32 32 16 0 0 245 0 7.573 1 ---
32 32 32 16 0 0 245 0 7.573 1 ---
34 34 34 3 0 1002 561 9 3.132 1 ---
34 34 34 3 0 1002 561 9 3.132 1 ---
34 34 34 4 0 592 333 3 3.485 1 ---
34 34 34 4 0 592 333 3 3.485 1 ---
34 34 34 5 0 33 247 1 4.088 1 ---
34 34 34 5 0 33 247 1 4.088 1 ---
34 34 34 6 0 33 247 1 4.088 1 ---
34 34 34 6 0 33 247 1 4.088 1 ---
34 34 34 7 0 33 247 1 4.088 1 ---
34 34 34 7 0 33 247 1 4.088 1 ---
34 34 34 8 0 33 247 1 4.088 1 ---
34 34 34 8 0 33 247 1 4.088 1 ---
34 34 34 9 0 0 247 0 7.573 1 ---
34 34 34 9 0 0 247 0 7.573 1 ---
34 34 34 10 0 0 247 0 7.573 1 ---
34 34 34 10 0 0 247 0 7.573 1 ---
34 34 34 12.5 0 0 247 0 7.573 1 ---
34 34 34 12.5 0 0 247 0 7.573 1 ---
34 34 34 15 0 0 247 0 7.573 1 ---
34 34 34 15 0 0 247 0 7.573 1 ---
34 34 34 16 0 0 247 0 7.573 1 ---
34 34 34 16 0 0 247 0 7.573 1 ---
36 36 36 3 0 1004 563 9 3.132 1 ---
36 36 36 3 0 1004 563 9 3.132 1 ---
36 36 36 4 0 594 335 3 3.485 1 ---
36 36 36 4 0 594 335 3 3.485 1 ---
36 36 36 5 0 33 249 1 4.088 1 ---
36 36 36 5 0 33 249 1 4.088 1 ---
36 36 36 6 0 33 249 1 4.088 1 ---
36 36 36 6 0 33 249 1 4.088 1 ---
36 36 36 7 0 33 249 1 4.088 1 ---
36 36 36 7 0 33 249 1 4.088 1 ---
36 36 36 8 0 33 249 1 4.088 1 ---
36 36 36 8 0 33 249 1 4.088 1 ---
36 36 36 9 0 0 249 0 7.573 1 ---
36 36 36 9 0 0 249 0 7.573 1 ---
36 36 36 10 0 0 249 0 7.573 1 ---
36 36 36 10 0 0 249 0 7.573 1 ---
36 36 36 12.5 0 0 249 0 7.573 1 ---
36 36 36 12.5 0 0 249 0 7.573 1 ---
36 36 36 15 0 0 249 0 7.573 1 ---
36 36 36 15 0 0 249 0 7.573 1 ---
36 36 36 16 0 0 249 0 7.573 1 ---
36 36 36 16 0 0 249 0 7.573 1 ---
38 38 38 3 0 1006 565 9 3.132 1 ---
38 38 38 3 0 1006 565 9 3.132 1 ---
38 38 38 4 0 596 337 3 3.485 1 ---
38 38 38 4 0 596 337 3 3.485 1 ---
38 38 38 5 0 33 251 1 4.088 1 ---
38 38 38 5 0 33 251 1 4.088 1 ---
38 38 38 6 0 33 251 1 4.088 1 ---
38 38 38 6 0 33 251 1 4.088 1 ---
38 38 38 7 0 33 251 1 4.088 1 ---
38 38 38 7 0 33 251 1 4.088 1 ---
38 38 38 8 0 33 251 1 4.088 1 ---
38 38 38 8 0 33 251 1 4.088 1 ---
38 38 38 9 0 0 251 0 7.573 1 ---
38 38 38 9 0 0 251 0 7.573 1 ---
38 38 38 10 0 0 251 0 7.573 1 ---
38 38 38 10 0 0 251 0 7.573 1 ---
38 38 38 12.5 0 0 251 0 7.573 1 ---
38 38 38 12.5 0 0 251 0 7.573 1 ---
38 38 38 15 0 0 251 0 7.573 1 ---
38 38 38 15 0 0 251 0 7.573 1 ---
38 38 38 16 0 0 251 0 7.573 1 ---
38 38 38 16 0 0 251 0 7.573 1 ---
40 40 40 3 0 1008 567 9 3.132 1 ---
40 40 40 3 0 1008 567 9 3.132 1 ---
40 40 40 4 0 598 339 3 3.485 1 ---
40 40 40 4 0 598 339 3 3.485 1 ---
40 40 40 5 0 33 253 1 4.088 1 ---
40 40 40 5 0 33 253 1 4.088 1 ---
40 40 40 6 0 33 253 1 4.088 1 ---
40 40 40 6 0 33 253 1 4.088 1 ---
40 40 40 7 0 33 253 1 4.088 1 ---
40 40 40 7 0 33 253 1 4.088 1 ---
40 40 40 8 0 33 253 1 4.088 1 ---
40 40 40 8 0 33 253 1 4.088 1 ---
40 40 40 9 0 0 253 0 7.573 1 ---
40 40 40 9 0 0 253 0 7.573 1 ---
40 40 40 10 0 0 253 0 7.573 1 ---
40 40 40 10 0 0 253 0 7.573 1 ---
40 40 40 12.5 0 0 253 0 7.573 1 ---
40 40 40 12.5 0 0 253 0 7.573 1 ---
40 40 40 15 0 0 253 0 7.573 1 ---
40 40 40 15 0 0 253 0 7.573 1 ---
40 40 40 16 0 0 253 0 7.573 1 ---
40 40 40 16 0 0 253 0 7.573 1 ---
42 42 42 3 0 1010 569 9 3.132 1 ---
42 42 42 3 0 1010 569 9 3.132 1 ---
42 42 42 4 0 600 341 3 3.485 1 ---
42 42 42 4 0 600 341 3 3.485 1 ---
42 42 42 5 0 33 255 1 4.088 1 ---
42 42 42 5 0 33 255 1 4.088 1 ---
42 42 42 6 0 33 255 1 4.088 1 ---
42 42 42 6 0 33 255 1 4.088 1 ---
42 42 42 7 0 33 255 1 4.088 1 ---
42 42 42 7 0 33 255 1 4.088 1 ---
42 42 42 8 0 33 255 1 4.088 1 ---
42 42 42 8 0 33 255 1 4.088 1 ---
42 42 42 9 0 0 255 0 7.573 1 ---
42 42 42 9 0 0 255 0 7.573 1 ---
42 42 42 10 0 0 255 0 7.573 1 ---
42 42 42 10 0 0 255 0 7.573 1 ---
42 42 42 12.5 0 0 255 0 7.573 1 ---
42 42 42 12.5 0 0 255 0 7.573 1 ---
42 42 42 15 0 0 255 0 7.573 1 ---
42 42 42 15 0 0 255 0 7.573 1 ---
42 42 42 16 0 0 255 0 7.573 1 ---
42 42 42 16 0 0 255 0 7.573 1 ---
