4 4 4 3 0 12 39 1 2.325 1 ---
4 4 4 3 0 12 39 1 2.325 1 ---
4 4 4 4 0 12 39 1 2.325 1 ---
4 4 4 4 0 12 39 1 2.325 1 ---
4 4 4 5 0 0 39 0 4.101 1 ---
4 4 4 5 0 0 39 0 4.101 1 ---
4 4 4 6 0 0 39 0 4.101 1 ---
4 4 4 6 0 0 39 0 4.101 1 ---
4 4 4 7 0 0 39 0 4.101 1 ---
4 4 4 7 0 0 39 0 4.101 1 ---
4 4 4 8 0 0 39 0 4.101 1 ---
4 4 4 8 0 0 39 0 4.101 1 ---
4 4 4 9 0 0 39 0 4.101 1 ---
4 4 4 9 0 0 39 0 4.101 1 ---
6 6 6 3 0 157 67 3 2.198 1 ---
6 6 6 3 0 157 67 3 2.198 1 ---
6 6 6 4 0 18 47 1 2.794 1 ---
6 6 6 4 0 18 47 1 2.794 1 ---
6 6 6 5 0 18 47 1 2.794 1 ---
6 6 6 5 0 18 47 1 2.794 1 ---
6 6 6 6 0 0 47 0 4.74 1 ---
6 6 6 6 0 0 47 0 4.74 1 ---
6 6 6 7 0 0 47 0 4.74 1 ---
6 6 6 7 0 0 47 0 4.74 1 ---
6 6 6 8 0 0 47 0 4.74 1 ---
6 6 6 8 0 0 47 0 4.74 1 ---
6 6 6 9 0 0 47 0 4.74 1 ---
6 6 6 9 0 0 47 0 4.74 1 ---
6 6 6 10 0 0 47 0 4.74 1 ---
6 6 6 10 0 0 47 0 4.74 1 ---
8 8 8 3 0 193 91 3 2.342 1 ---
8 8 8 3 0 193 91 3 2.342 1 ---
8 8 8 4 0 24 61 1 2.97 1 ---
8 8 8 4 0 24 61 1 2.97 1 ---
8 8 8 5 0 24 61 1 2.97 1 ---
8 8 8 5 0 24 61 1 2.97 1 ---
8 8 8 6 0 0 61 0 5.085 1 ---
8 8 8 6 0 0 61 0 5.085 1 ---
8 8 8 7 0 0 61 0 5.085 1 ---
8 8 8 7 0 0 61 0 5.085 1 ---
8 8 8 8 0 0 61 0 5.085 1 ---
8 8 8 8 0 0 61 0 5.085 1 ---
8 8 8 9 0 0 61 0 5.085 1 ---
8 8 8 9 0 0 61 0 5.085 1 ---
8 8 8 10 0 0 61 0 5.085 1 ---
8 8 8 10 0 0 61 0 5.085 1 ---
10 10 10 3 0 219 107 3 2.486 1 ---
10 10 10 3 0 219 107 3 2.486 1 ---
10 10 10 4 0 30 73 1 3.145 1 ---
10 10 10 4 0 30 73 1 3.145 1 ---
10 10 10 5 0 30 73 1 3.145 1 ---
10 10 10 5 0 30 73 1 3.145 1 ---
10 10 10 6 0 30 73 1 3.145 1 ---
10 10 10 6 0 30 73 1 3.145 1 ---
10 10 10 7 0 0 73 0 5.268 1 ---
10 10 10 7 0 0 73 0 5.268 1 ---
10 10 10 8 0 0 73 0 5.268 1 ---
10 10 10 8 0 0 73 0 5.268 1 ---
10 10 10 9 0 0 73 0 5.268 1 ---
10 10 10 9 0 0 73 0 5.268 1 ---
10 10 10 10 0 0 73 0 5.268 1 ---
10 10 10 10 0 0 73 0 5.268 1 ---
10 10 10 12.5 0 0 73 0 5.268 1 ---
10 10 10 12.5 0 0 73 0 5.268 1 ---
44 44 44 3 0 1354 854 9 3.513 1 ---
44 44 44 3 0 1354 854 9 3.513 1 ---
44 44 44 4 0 1201 847 8 3.513 1 ---
44 44 44 4 0 1201 847 8 3.513 1 ---
44 44 44 5 0 152 367 1 4.293 1 ---
44 44 44 5 0 152 367 1 4.293 1 ---
44 44 44 6 0 152 367 1 4.293 1 ---
44 44 44 6 0 152 367 1 4.293 1 ---
44 44 44 7 0 152 367 1 4.293 1 ---
44 44 44 7 0 152 367 1 4.293 1 ---
44 44 44 8 0 0 367 0 6.995 1 ---
44 44 44 8 0 0 367 0 6.995 1 ---
44 44 44 9 0 0 367 0 6.995 1 ---
44 44 44 9 0 0 367 0 6.995 1 ---
44 44 44 10 0 0 367 0 6.995 1 ---
44 44 44 10 0 0 367 0 6.995 1 ---
44 44 44 12.5 0 0 367 0 6.995 1 ---
44 44 44 12.5 0 0 367 0 6.995 1 ---
44 44 44 15 0 0 367 0 6.995 1 ---
44 44 44 15 0 0 367 0 6.995 1 ---
46 46 46 3 0 1396 888 9 3.513 1 ---
46 46 46 3 0 1396 888 9 3.513 1 ---
46 46 46 4 0 1243 881 8 3.513 1 ---
46 46 46 4 0 1243 881 8 3.513 1 ---
46 46 46 5 0 156 377 1 4.292 1 ---
46 46 46 5 0 156 377 1 4.292 1 ---
46 46 46 6 0 156 377 1 4.292 1 ---
46 46 46 6 0 156 377 1 4.292 1 ---
46 46 46 7 0 156 377 1 4.292 1 ---
46 46 46 7 0 156 377 1 4.292 1 ---
46 46 46 8 0 0 377 0 6.994 1 ---
46 46 46 8 0 0 377 0 6.994 1 ---
46 46 46 9 0 0 377 0 6.994 1 ---
46 46 46 9 0 0 377 0 6.994 1 ---
46 46 46 10 0 0 377 0 6.994 1 ---
46 46 46 10 0 0 377 0 6.994 1 ---
46 46 46 12.5 0 0 377 0 6.994 1 ---
46 46 46 12.5 0 0 377 0 6.994 1 ---
46 46 46 15 0 0 377 0 6.994 1 ---
46 46 46 15 0 0 377 0 6.994 1 ---
48 48 48 3 0 1438 922 9 3.513 1 ---
48 48 48 3 0 1438 922 9 3.513 1 ---
48 48 48 4 0 1285 915 8 3.513 1 ---
48 48 48 4 0 1285 915 8 3.513 1 ---
48 48 48 5 0 160 387 1 4.29 1 ---
48 48 48 5 0 160 387 1 4.29 1 ---
48 48 48 6 0 160 387 1 4.29 1 ---
48 48 48 6 0 160 387 1 4.29 1 ---
48 48 48 7 0 160 387 1 4.29 1 ---
48 48 48 7 0 160 387 1 4.29 1 ---
48 48 48 8 0 0 387 0 6.992 1 ---
48 48 48 8 0 0 387 0 6.992 1 ---
48 48 48 9 0 0 387 0 6.992 1 ---
48 48 48 9 0 0 387 0 6.992 1 ---
48 48 48 10 0 0 387 0 6.992 1 ---
48 48 48 10 0 0 387 0 6.992 1 ---
48 48 48 12.5 0 0 387 0 6.992 1 ---
48 48 48 12.5 0 0 387 0 6.992 1 ---
48 48 48 15 0 0 387 0 6.992 1 ---
48 48 48 15 0 0 387 0 6.992 1 ---
50 50 50 3 0 1480 956 9 3.513 1 ---
50 50 50 3 0 1480 956 9 3.513 1 ---
50 50 50 4 0 1327 949 8 3.513 1 ---
50 50 50 4 0 1327 949 8 3.513 1 ---
50 50 50 5 0 164 397 1 4.289 1 ---
50 50 50 5 0 164 397 1 4.289 1 ---
50 50 50 6 0 164 397 1 4.289 1 ---
50 50 50 6 0 164 397 1 4.289 1 ---
50 50 50 7 0 164 397 1 4.289 1 ---
50 50 50 7 0 164 397 1 4.289 1 ---
50 50 50 8 0 0 397 0 6.991 1 ---
50 50 50 8 0 0 397 0 6.991 1 ---
50 50 50 9 0 0 397 0 6.991 1 ---
50 50 50 9 0 0 397 0 6.991 1 ---
50 50 50 10 0 0 397 0 6.991 1 ---
50 50 50 10 0 0 397 0 6.991 1 ---
50 50 50 12.5 0 0 397 0 6.991 1 ---
50 50 50 12.5 0 0 397 0 6.991 1 ---
50 50 50 15 0 0 397 0 6.991 1 ---
50 50 50 15 0 0 397 0 6.991 1 ---
52 52 52 3 0 1522 990 9 3.513 1 ---
52 52 52 3 0 1522 990 9 3.513 1 ---
52 52 52 4 0 1369 983 8 3.513 1 ---
52 52 52 4 0 1369 983 8 3.513 1 ---
52 52 52 5 0 168 407 1 4.287 1 ---
52 52 52 5 0 168 407 1 4.287 1 ---
52 52 52 6 0 168 407 1 4.287 1 ---
52 52 52 6 0 168 407 1 4.287 1 ---
52 52 52 7 0 168 407 1 4.287 1 ---
52 52 52 7 0 168 407 1 4.287 1 ---
52 52 52 8 0 0 407 0 6.989 1 ---
52 52 52 8 0 0 407 0 6.989 1 ---
52 52 52 9 0 0 407 0 6.989 1 ---
52 52 52 9 0 0 407 0 6.989 1 ---
52 52 52 10 0 0 407 0 6.989 1 ---
52 52 52 10 0 0 407 0 6.989 1 ---
52 52 52 12.5 0 0 407 0 6.989 1 ---
52 52 52 12.5 0 0 407 0 6.989 1 ---
52 52 52 15 0 0 407 0 6.989 1 ---
52 52 52 15 0 0 407 0 6.989 1 ---
54 54 54 3 0 1564 1024 9 3.513 1 ---
54 54 54 3 0 1564 1024 9 3.513 1 ---
54 54 54 4 0 1411 1017 8 3.513 1 ---
54 54 54 4 0 1411 1017 8 3.513 1 ---
54 54 54 5 0 172 417 1 4.286 1 ---
54 54 54 5 0 172 417 1 4.286 1 ---
54 54 54 6 0 172 417 1 4.286 1 ---
54 54 54 6 0 172 417 1 4.286 1 ---
54 54 54 7 0 172 417 1 4.286 1 ---
54 54 54 7 0 172 417 1 4.286 1 ---
54 54 54 8 0 0 417 0 6.988 1 ---
54 54 54 8 0 0 417 0 6.988 1 ---
54 54 54 9 0 0 417 0 6.988 1 ---
54 54 54 9 0 0 417 0 6.988 1 ---
54 54 54 10 0 0 417 0 6.988 1 ---
54 54 54 10 0 0 417 0 6.988 1 ---
54 54 54 12.5 0 0 417 0 6.988 1 ---
54 54 54 12.5 0 0 417 0 6.988 1 ---
54 54 54 15 0 0 417 0 6.988 1 ---
54 54 54 15 0 0 417 0 6.988 1 ---
56 56 56 3 0 1606 1058 9 3.513 1 ---
56 56 56 3 0 1606 1058 9 3.513 1 ---
56 56 56 4 0 1453 1051 8 3.513 1 ---
56 56 56 4 0 1453 1051 8 3.513 1 ---
56 56 56 5 0 176 427 1 4.285 1 ---
56 56 56 5 0 176 427 1 4.285 1 ---
56 56 56 6 0 176 427 1 4.285 1 ---
56 56 56 6 0 176 427 1 4.285 1 ---
56 56 56 7 0 176 427 1 4.285 1 ---
56 56 56 7 0 176 427 1 4.285 1 ---
56 56 56 8 0 0 427 0 6.987 1 ---
56 56 56 8 0 0 427 0 6.987 1 ---
56 56 56 9 0 0 427 0 6.987 1 ---
56 56 56 9 0 0 427 0 6.987 1 ---
56 56 56 10 0 0 427 0 6.987 1 ---
56 56 56 10 0 0 427 0 6.987 1 ---
56 56 56 12.5 0 0 427 0 6.987 1 ---
56 56 56 12.5 0 0 427 0 6.987 1 ---
56 56 56 15 0 0 427 0 6.987 1 ---
56 56 56 15 0 0 427 0 6.987 1 ---
58 58 58 3 0 1648 1092 9 3.513 1 ---
58 58 58 3 0 1648 1092 9 3.513 1 ---
58 58 58 4 0 1495 1085 8 3.513 1 ---
58 58 58 4 0 1495 1085 8 3.513 1 ---
58 58 58 5 0 180 437 1 4.283 1 ---
58 58 58 5 0 180 437 1 4.283 1 ---
58 58 58 6 0 180 437 1 4.283 1 ---
58 58 58 6 0 180 437 1 4.283 1 ---
58 58 58 7 0 180 437 1 4.283 1 ---
58 58 58 7 0 180 437 1 4.283 1 ---
58 58 58 8 0 0 437 0 6.985 1 ---
58 58 58 8 0 0 437 0 6.985 1 ---
58 58 58 9 0 0 437 0 6.985 1 ---
58 58 58 9 0 0 437 0 6.985 1 ---
58 58 58 10 0 0 437 0 6.985 1 ---
58 58 58 10 0 0 437 0 6.985 1 ---
58 58 58 12.5 0 0 437 0 6.985 1 ---
58 58 58 12.5 0 0 437 0 6.985 1 ---
58 58 58 15 0 0 437 0 6.985 1 ---
58 58 58 15 0 0 437 0 6.985 1 ---
60 60 60 3 0 1690 1126 9 3.513 1 ---
60 60 60 3 0 1690 1126 9 3.513 1 ---
60 60 60 4 0 1537 1119 8 3.513 1 ---
60 60 60 4 0 1537 1119 8 3.513 1 ---
60 60 60 5 0 184 447 1 4.282 1 ---
60 60 60 5 0 184 447 1 4.282 1 ---
60 60 60 6 0 184 447 1 4.282 1 ---
60 60 60 6 0 184 447 1 4.282 1 ---
60 60 60 7 0 184 447 1 4.282 1 ---
60 60 60 7 0 184 447 1 4.282 1 ---
60 60 60 8 0 0 447 0 6.984 1 ---
60 60 60 8 0 0 447 0 6.984 1 ---
60 60 60 9 0 0 447 0 6.984 1 ---
60 60 60 9 0 0 447 0 6.984 1 ---
60 60 60 10 0 0 447 0 6.984 1 ---
60 60 60 10 0 0 447 0 6.984 1 ---
60 60 60 12.5 0 0 447 0 6.984 1 ---
60 60 60 12.5 0 0 447 0 6.984 1 ---
60 60 60 15 0 0 447 0 6.984 1 ---
60 60 60 15 0 0 447 0 6.984 1 ---
62 62 62 3 0 1732 1160 9 3.513 1 ---
62 62 62 3 0 1732 1160 9 3.513 1 ---
62 62 62 4 0 1579 1153 8 3.513 1 ---
62 62 62 4 0 1579 1153 8 3.513 1 ---
62 62 62 5 0 188 457 1 4.28 1 ---
62 62 62 5 0 188 457 1 4.28 1 ---
62 62 62 6 0 188 457 1 4.28 1 ---
62 62 62 6 0 188 457 1 4.28 1 ---
62 62 62 7 0 188 457 1 4.28 1 ---
62 62 62 7 0 188 457 1 4.28 1 ---
62 62 62 8 0 0 457 0 6.982 1 ---
62 62 62 8 0 0 457 0 6.982 1 ---
62 62 62 9 0 0 457 0 6.982 1 ---
62 62 62 9 0 0 457 0 6.982 1 ---
62 62 62 10 0 0 457 0 6.982 1 ---
62 62 62 10 0 0 457 0 6.982 1 ---
62 62 62 12.5 0 0 457 0 6.982 1 ---
62 62 62 12.5 0 0 457 0 6.982 1 ---
62 62 62 15 0 0 457 0 6.982 1 ---
62 62 62 15 0 0 457 0 6.982 1 ---
64 64 64 3 0 1774 1194 9 3.513 1 ---
64 64 64 3 0 1774 1194 9 3.513 1 ---
64 64 64 4 0 1621 1187 8 3.513 1 ---
64 64 64 4 0 1621 1187 8 3.513 1 ---
64 64 64 5 0 192 467 1 4.279 1 ---
64 64 64 5 0 192 467 1 4.279 1 ---
64 64 64 6 0 192 467 1 4.279 1 ---
64 64 64 6 0 192 467 1 4.279 1 ---
64 64 64 7 0 192 467 1 4.279 1 ---
64 64 64 7 0 192 467 1 4.279 1 ---
64 64 64 8 0 0 467 0 6.981 1 ---
64 64 64 8 0 0 467 0 6.981 1 ---
64 64 64 9 0 0 467 0 6.981 1 ---
64 64 64 9 0 0 467 0 6.981 1 ---
64 64 64 10 0 0 467 0 6.981 1 ---
64 64 64 10 0 0 467 0 6.981 1 ---
64 64 64 12.5 0 0 467 0 6.981 1 ---
64 64 64 12.5 0 0 467 0 6.981 1 ---
64 64 64 15 0 0 467 0 6.981 1 ---
64 64 64 15 0 0 467 0 6.981 1 ---
12 12 12 3 0 283 131 4 2.477 1 ---
12 12 12 3 0 283 131 4 2.477 1 ---
12 12 12 4 0 36 85 1 3.321 1 ---
12 12 12 4 0 36 85 1 3.321 1 ---
12 12 12 5 0 36 85 1 3.321 1 ---
12 12 12 5 0 36 85 1 3.321 1 ---
12 12 12 6 0 36 85 1 3.321 1 ---
12 12 12 6 0 36 85 1 3.321 1 ---
12 12 12 7 0 0 85 0 5.451 1 ---
12 12 12 7 0 0 85 0 5.451 1 ---
12 12 12 8 0 0 85 0 5.451 1 ---
12 12 12 8 0 0 85 0 5.451 1 ---
12 12 12 9 0 0 85 0 5.451 1 ---
12 12 12 9 0 0 85 0 5.451 1 ---
12 12 12 10 0 0 85 0 5.451 1 ---
12 12 12 10 0 0 85 0 5.451 1 ---
12 12 12 12.5 0 0 85 0 5.451 1 ---
12 12 12 12.5 0 0 85 0 5.451 1 ---
14 14 14 3 0 359 187 5 2.513 1 ---
14 14 14 3 0 359 187 5 2.513 1 ---
14 14 14 4 0 42 97 1 3.496 1 ---
14 14 14 4 0 42 97 1 3.496 1 ---
14 14 14 5 0 42 97 1 3.496 1 ---
14 14 14 5 0 42 97 1 3.496 1 ---
14 14 14 6 0 42 97 1 3.496 1 ---
14 14 14 6 0 42 97 1 3.496 1 ---
14 14 14 7 0 0 97 0 5.635 1 ---
14 14 14 7 0 0 97 0 5.635 1 ---
14 14 14 8 0 0 97 0 5.635 1 ---
14 14 14 8 0 0 97 0 5.635 1 ---
14 14 14 9 0 0 97 0 5.635 1 ---
14 14 14 9 0 0 97 0 5.635 1 ---
14 14 14 10 0 0 97 0 5.635 1 ---
14 14 14 10 0 0 97 0 5.635 1 ---
14 14 14 12.5 0 0 97 0 5.635 1 ---
14 14 14 12.5 0 0 97 0 5.635 1 ---
16 16 16 3 0 485 211 7 2.371 1 ---
16 16 16 3 0 485 211 7 2.371 1 ---
16 16 16 4 0 297 155 3 2.919 1 ---
16 16 16 4 0 297 155 3 2.919 1 ---
16 16 16 5 0 48 109 1 3.672 1 ---
16 16 16 5 0 48 109 1 3.672 1 ---
16 16 16 6 0 48 109 1 3.672 1 ---
16 16 16 6 0 48 109 1 3.672 1 ---
16 16 16 7 0 0 109 0 5.818 1 ---
16 16 16 7 0 0 109 0 5.818 1 ---
16 16 16 8 0 0 109 0 5.818 1 ---
16 16 16 8 0 0 109 0 5.818 1 ---
16 16 16 9 0 0 109 0 5.818 1 ---
16 16 16 9 0 0 109 0 5.818 1 ---
16 16 16 10 0 0 109 0 5.818 1 ---
16 16 16 10 0 0 109 0 5.818 1 ---
16 16 16 12.5 0 0 109 0 5.818 1 ---
16 16 16 12.5 0 0 109 0 5.818 1 ---
18 18 18 3 0 571 265 7 2.467 1 ---
18 18 18 3 0 571 265 7 2.467 1 ---
18 18 18 4 0 323 201 3 2.97 1 ---
18 18 18 4 0 323 201 3 2.97 1 ---
18 18 18 5 0 54 133 1 3.724 1 ---
18 18 18 5 0 54 133 1 3.724 1 ---
18 18 18 6 0 54 133 1 3.724 1 ---
18 18 18 6 0 54 133 1 3.724 1 ---
18 18 18 7 0 0 133 0 5.94 1 ---
18 18 18 7 0 0 133 0 5.94 1 ---
18 18 18 8 0 0 133 0 5.94 1 ---
18 18 18 8 0 0 133 0 5.94 1 ---
18 18 18 9 0 0 133 0 5.94 1 ---
18 18 18 9 0 0 133 0 5.94 1 ---
18 18 18 10 0 0 133 0 5.94 1 ---
18 18 18 10 0 0 133 0 5.94 1 ---
18 18 18 12.5 0 0 133 0 5.94 1 ---
18 18 18 12.5 0 0 133 0 5.94 1 ---
20 20 20 3 0 613 293 7 2.564 1 ---
20 20 20 3 0 613 293 7 2.564 1 ---
20 20 20 4 0 349 221 3 3.02 1 ---
20 20 20 4 0 349 221 3 3.02 1 ---
20 20 20 5 0 60 153 1 3.776 1 ---
20 20 20 5 0 60 153 1 3.776 1 ---
20 20 20 6 0 60 153 1 3.776 1 ---
20 20 20 6 0 60 153 1 3.776 1 ---
20 20 20 7 0 0 153 0 6.061 1 ---
20 20 20 7 0 0 153 0 6.061 1 ---
20 20 20 8 0 0 153 0 6.061 1 ---
20 20 20 8 0 0 153 0 6.061 1 ---
20 20 20 9 0 0 153 0 6.061 1 ---
20 20 20 9 0 0 153 0 6.061 1 ---
20 20 20 10 0 0 153 0 6.061 1 ---
20 20 20 10 0 0 153 0 6.061 1 ---
20 20 20 12.5 0 0 153 0 6.061 1 ---
20 20 20 12.5 0 0 153 0 6.061 1 ---
22 22 22 3 0 703 391 8 2.656 1 ---
22 22 22 3 0 703 391 8 2.656 1 ---
22 22 22 4 0 375 241 3 3.071 1 ---
22 22 22 4 0 375 241 3 3.071 1 ---
22 22 22 5 0 66 173 1 3.828 1 ---
22 22 22 5 0 66 173 1 3.828 1 ---
22 22 22 6 0 66 173 1 3.828 1 ---
22 22 22 6 0 66 173 1 3.828 1 ---
22 22 22 7 0 66 173 1 3.828 1 ---
22 22 22 7 0 66 173 1 3.828 1 ---
22 22 22 8 0 0 173 0 6.183 1 ---
22 22 22 8 0 0 173 0 6.183 1 ---
22 22 22 9 0 0 173 0 6.183 1 ---
22 22 22 9 0 0 173 0 6.183 1 ---
22 22 22 10 0 0 173 0 6.183 1 ---
22 22 22 10 0 0 173 0 6.183 1 ---
22 22 22 12.5 0 0 173 0 6.183 1 ---
22 22 22 12.5 0 0 173 0 6.183 1 ---
22 22 22 15 0 0 173 0 6.183 1 ---
22 22 22 15 0 0 173 0 6.183 1 ---
24 24 24 3 0 749 435 8 2.752 1 ---
24 24 24 3 0 749 435 8 2.752 1 ---
24 24 24 4 0 401 261 3 3.122 1 ---
24 24 24 4 0 401 261 3 3.122 1 ---
24 24 24 5 0 72 193 1 3.88 1 ---
24 24 24 5 0 72 193 1 3.88 1 ---
24 24 24 6 0 72 193 1 3.88 1 ---
24 24 24 6 0 72 193 1 3.88 1 ---
24 24 24 7 0 72 193 1 3.88 1 ---
24 24 24 7 0 72 193 1 3.88 1 ---
24 24 24 8 0 0 193 0 6.304 1 ---
24 24 24 8 0 0 193 0 6.304 1 ---
24 24 24 9 0 0 193 0 6.304 1 ---
24 24 24 9 0 0 193 0 6.304 1 ---
24 24 24 10 0 0 193 0 6.304 1 ---
24 24 24 10 0 0 193 0 6.304 1 ---
24 24 24 12.5 0 0 193 0 6.304 1 ---
24 24 24 12.5 0 0 193 0 6.304 1 ---
24 24 24 15 0 0 193 0 6.304 1 ---
24 24 24 15 0 0 193 0 6.304 1 ---
26 26 26 3 0 795 479 8 2.847 1 ---
26 26 26 3 0 795 479 8 2.847 1 ---
26 26 26 4 0 427 281 3 3.172 1 ---
26 26 26 4 0 427 281 3 3.172 1 ---
26 26 26 5 0 78 213 1 3.932 1 ---
26 26 26 5 0 78 213 1 3.932 1 ---
26 26 26 6 0 78 213 1 3.932 1 ---
26 26 26 6 0 78 213 1 3.932 1 ---
26 26 26 7 0 78 213 1 3.932 1 ---
26 26 26 7 0 78 213 1 3.932 1 ---
26 26 26 8 0 0 213 0 6.426 1 ---
26 26 26 8 0 0 213 0 6.426 1 ---
26 26 26 9 0 0 213 0 6.426 1 ---
26 26 26 9 0 0 213 0 6.426 1 ---
26 26 26 10 0 0 213 0 6.426 1 ---
26 26 26 10 0 0 213 0 6.426 1 ---
26 26 26 12.5 0 0 213 0 6.426 1 ---
26 26 26 12.5 0 0 213 0 6.426 1 ---
26 26 26 15 0 0 213 0 6.426 1 ---
26 26 26 15 0 0 213 0 6.426 1 ---
28 28 28 3 0 841 523 8 2.942 1 ---
28 28 28 3 0 841 523 8 2.942 1 ---
28 28 28 4 0 453 301 3 3.223 1 ---
28 28 28 4 0 453 301 3 3.223 1 ---
28 28 28 5 0 84 233 1 3.984 1 ---
28 28 28 5 0 84 233 1 3.984 1 ---
28 28 28 6 0 84 233 1 3.984 1 ---
28 28 28 6 0 84 233 1 3.984 1 ---
28 28 28 7 0 84 233 1 3.984 1 ---
28 28 28 7 0 84 233 1 3.984 1 ---
28 28 28 8 0 0 233 0 6.547 1 ---
28 28 28 8 0 0 233 0 6.547 1 ---
28 28 28 9 0 0 233 0 6.547 1 ---
28 28 28 9 0 0 233 0 6.547 1 ---
28 28 28 10 0 0 233 0 6.547 1 ---
28 28 28 10 0 0 233 0 6.547 1 ---
28 28 28 12.5 0 0 233 0 6.547 1 ---
28 28 28 12.5 0 0 233 0 6.547 1 ---
28 28 28 15 0 0 233 0 6.547 1 ---
28 28 28 15 0 0 233 0 6.547 1 ---
30 30 30 3 0 1040 576 9 3.037 1 ---
30 30 30 3 0 1040 576 9 3.037 1 ---
30 30 30 4 0 479 321 3 3.274 1 ---
30 30 30 4 0 479 321 3 3.274 1 ---
30 30 30 5 0 90 253 1 4.036 1 ---
30 30 30 5 0 90 253 1 4.036 1 ---
30 30 30 6 0 90 253 1 4.036 1 ---
30 30 30 6 0 90 253 1 4.036 1 ---
30 30 30 7 0 90 253 1 4.036 1 ---
30 30 30 7 0 90 253 1 4.036 1 ---
30 30 30 8 0 0 253 0 6.668 1 ---
30 30 30 8 0 0 253 0 6.668 1 ---
30 30 30 9 0 0 253 0 6.668 1 ---
30 30 30 9 0 0 253 0 6.668 1 ---
30 30 30 10 0 0 253 0 6.668 1 ---
30 30 30 10 0 0 253 0 6.668 1 ---
30 30 30 12.5 0 0 253 0 6.668 1 ---
30 30 30 12.5 0 0 253 0 6.668 1 ---
30 30 30 15 0 0 253 0 6.668 1 ---
30 30 30 15 0 0 253 0 6.668 1 ---
32 32 32 3 0 1022 600 9 3.132 1 ---
32 32 32 3 0 1022 600 9 3.132 1 ---
32 32 32 4 0 441 323 3 3.324 1 ---
32 32 32 4 0 441 323 3 3.324 1 ---
32 32 32 5 0 96 273 1 4.088 1 ---
32 32 32 5 0 96 273 1 4.088 1 ---
32 32 32 6 0 96 273 1 4.088 1 ---
32 32 32 6 0 96 273 1 4.088 1 ---
32 32 32 7 0 96 273 1 4.088 1 ---
32 32 32 7 0 96 273 1 4.088 1 ---
32 32 32 8 0 0 273 0 6.79 1 ---
32 32 32 8 0 0 273 0 6.79 1 ---
32 32 32 9 0 0 273 0 6.79 1 ---
32 32 32 9 0 0 273 0 6.79 1 ---
32 32 32 10 0 0 273 0 6.79 1 ---
32 32 32 10 0 0 273 0 6.79 1 ---
32 32 32 12.5 0 0 273 0 6.79 1 ---
32 32 32 12.5 0 0 273 0 6.79 1 ---
32 32 32 15 0 0 273 0 6.79 1 ---
32 32 32 15 0 0 273 0 6.79 1 ---
34 34 34 3 0 1132 660 9 3.228 1 ---
34 34 34 3 0 1132 660 9 3.228 1 ---
34 34 34 4 0 531 359 3 3.375 1 ---
34 34 34 4 0 531 359 3 3.375 1 ---
34 34 34 5 0 132 291 1 4.14 1 ---
34 34 34 5 0 132 291 1 4.14 1 ---
34 34 34 6 0 132 291 1 4.14 1 ---
34 34 34 6 0 132 291 1 4.14 1 ---
34 34 34 7 0 132 291 1 4.14 1 ---
34 34 34 7 0 132 291 1 4.14 1 ---
34 34 34 8 0 0 291 0 6.842 1 ---
34 34 34 8 0 0 291 0 6.842 1 ---
34 34 34 9 0 0 291 0 6.842 1 ---
34 34 34 9 0 0 291 0 6.842 1 ---
34 34 34 10 0 0 291 0 6.842 1 ---
34 34 34 10 0 0 291 0 6.842 1 ---
34 34 34 12.5 0 0 291 0 6.842 1 ---
34 34 34 12.5 0 0 291 0 6.842 1 ---
34 34 34 15 0 0 291 0 6.842 1 ---
34 34 34 15 0 0 291 0 6.842 1 ---
36 36 36 3 0 1178 702 9 3.323 1 ---
36 36 36 3 0 1178 702 9 3.323 1 ---
36 36 36 4 0 557 377 3 3.426 1 ---
36 36 36 4 0 557 377 3 3.426 1 ---
36 36 36 5 0 136 309 1 4.192 1 ---
36 36 36 5 0 136 309 1 4.192 1 ---
36 36 36 6 0 136 309 1 4.192 1 ---
36 36 36 6 0 136 309 1 4.192 1 ---
36 36 36 7 0 136 309 1 4.192 1 ---
36 36 36 7 0 136 309 1 4.192 1 ---
36 36 36 8 0 0 309 0 6.894 1 ---
36 36 36 8 0 0 309 0 6.894 1 ---
36 36 36 9 0 0 309 0 6.894 1 ---
36 36 36 9 0 0 309 0 6.894 1 ---
36 36 36 10 0 0 309 0 6.894 1 ---
36 36 36 10 0 0 309 0 6.894 1 ---
36 36 36 12.5 0 0 309 0 6.894 1 ---
36 36 36 12.5 0 0 309 0 6.894 1 ---
36 36 36 15 0 0 309 0 6.894 1 ---
36 36 36 15 0 0 309 0 6.894 1 ---
38 38 38 3 0 1224 744 9 3.418 1 ---
38 38 38 3 0 1224 744 9 3.418 1 ---
38 38 38 4 0 583 395 3 3.476 1 ---
38 38 38 4 0 583 395 3 3.476 1 ---
38 38 38 5 0 140 327 1 4.244 1 ---
38 38 38 5 0 140 327 1 4.244 1 ---
38 38 38 6 0 140 327 1 4.244 1 ---
38 38 38 6 0 140 327 1 4.244 1 ---
38 38 38 7 0 140 327 1 4.244 1 ---
38 38 38 7 0 140 327 1 4.244 1 ---
38 38 38 8 0 0 327 0 6.946 1 ---
38 38 38 8 0 0 327 0 6.946 1 ---
38 38 38 9 0 0 327 0 6.946 1 ---
38 38 38 9 0 0 327 0 6.946 1 ---
38 38 38 10 0 0 327 0 6.946 1 ---
38 38 38 10 0 0 327 0 6.946 1 ---
38 38 38 12.5 0 0 327 0 6.946 1 ---
38 38 38 12.5 0 0 327 0 6.946 1 ---
38 38 38 15 0 0 327 0 6.946 1 ---
38 38 38 15 0 0 327 0 6.946 1 ---
40 40 40 3 0 1270 786 9 3.513 1 ---
40 40 40 3 0 1270 786 9 3.513 1 ---
40 40 40 4 0 1117 779 8 3.513 1 ---
40 40 40 4 0 1117 779 8 3.513 1 ---
40 40 40 5 0 144 345 1 4.296 1 ---
40 40 40 5 0 144 345 1 4.296 1 ---
40 40 40 6 0 144 345 1 4.296 1 ---
40 40 40 6 0 144 345 1 4.296 1 ---
40 40 40 7 0 144 345 1 4.296 1 ---
40 40 40 7 0 144 345 1 4.296 1 ---
40 40 40 8 0 0 345 0 6.998 1 ---
40 40 40 8 0 0 345 0 6.998 1 ---
40 40 40 9 0 0 345 0 6.998 1 ---
40 40 40 9 0 0 345 0 6.998 1 ---
40 40 40 10 0 0 345 0 6.998 1 ---
40 40 40 10 0 0 345 0 6.998 1 ---
40 40 40 12.5 0 0 345 0 6.998 1 ---
40 40 40 12.5 0 0 345 0 6.998 1 ---
40 40 40 15 0 0 345 0 6.998 1 ---
40 40 40 15 0 0 345 0 6.998 1 ---
42 42 42 3 0 1312 820 9 3.513 1 ---
42 42 42 3 0 1312 820 9 3.513 1 ---
42 42 42 4 0 1159 813 8 3.513 1 ---
42 42 42 4 0 1159 813 8 3.513 1 ---
42 42 42 5 0 148 357 1 4.295 1 ---
42 42 42 5 0 148 357 1 4.295 1 ---
42 42 42 6 0 148 357 1 4.295 1 ---
42 42 42 6 0 148 357 1 4.295 1 ---
42 42 42 7 0 148 357 1 4.295 1 ---
42 42 42 7 0 148 357 1 4.295 1 ---
42 42 42 8 0 0 357 0 6.997 1 ---
42 42 42 8 0 0 357 0 6.997 1 ---
42 42 42 9 0 0 357 0 6.997 1 ---
42 42 42 9 0 0 357 0 6.997 1 ---
42 42 42 10 0 0 357 0 6.997 1 ---
42 42 42 10 0 0 357 0 6.997 1 ---
42 42 42 12.5 0 0 357 0 6.997 1 ---
42 42 42 12.5 0 0 357 0 6.997 1 ---
42 42 42 15 0 0 357 0 6.997 1 ---
42 42 42 15 0 0 357 0 6.997 1 ---
