2 2 2 3 0 0 2 0 2.07 1 TAddSub
2 2 2 3 0 0 2 0 2.07 1 TAddSub
2 2 2 4 0 0 2 0 2.07 1 TAddSub
2 2 2 4 0 0 2 0 2.07 1 TAddSub
2 2 2 5 0 0 2 0 2.07 1 TAddSub
2 2 2 5 0 0 2 0 2.07 1 TAddSub
2 2 2 6 0 0 2 0 2.07 1 TAddSub
2 2 2 6 0 0 2 0 2.07 1 TAddSub
2 2 2 7 0 0 2 0 2.07 1 TAddSub
2 2 2 7 0 0 2 0 2.07 1 TAddSub
2 2 2 8 0 0 2 0 2.07 1 TAddSub
2 2 2 8 0 0 2 0 2.07 1 TAddSub
2 2 2 9 0 0 2 0 2.07 1 TAddSub
2 2 2 9 0 0 2 0 2.07 1 TAddSub
2 2 2 10 0 0 2 0 2.07 1 TAddSub
2 2 2 10 0 0 2 0 2.07 1 TAddSub
2 2 2 12.5 0 0 2 0 2.07 1 TAddSub
2 2 2 12.5 0 0 2 0 2.07 1 TAddSub
2 2 2 15 0 0 2 0 2.07 1 TAddSub
2 2 2 15 0 0 2 0 2.07 1 TAddSub
2 2 2 16 0 0 2 0 2.07 1 TAddSub
2 2 2 16 0 0 2 0 2.07 1 TAddSub
2 2 2 17.5 0 0 2 0 2.07 1 TAddSub
2 2 2 17.5 0 0 2 0 2.07 1 TAddSub
2 2 2 20 0 0 2 0 2.07 1 TAddSub
2 2 2 20 0 0 2 0 2.07 1 TAddSub
2 2 2 25 0 0 2 0 2.07 1 TAddSub
2 2 2 25 0 0 2 0 2.07 1 TAddSub
2 2 2 30 0 0 2 0 2.07 1 TAddSub
2 2 2 30 0 0 2 0 2.07 1 TAddSub
3 3 3 3 0 0 5 0 2.69 1 TAddSub
3 3 3 3 0 0 5 0 2.69 1 TAddSub
3 3 3 4 0 0 5 0 2.69 1 TAddSub
3 3 3 4 0 0 5 0 2.69 1 TAddSub
3 3 3 5 0 0 5 0 2.69 1 TAddSub
3 3 3 5 0 0 5 0 2.69 1 TAddSub
3 3 3 6 0 0 5 0 2.69 1 TAddSub
3 3 3 6 0 0 5 0 2.69 1 TAddSub
3 3 3 7 0 0 5 0 2.69 1 TAddSub
3 3 3 7 0 0 5 0 2.69 1 TAddSub
3 3 3 8 0 0 5 0 2.69 1 TAddSub
3 3 3 8 0 0 5 0 2.69 1 TAddSub
3 3 3 9 0 0 5 0 2.69 1 TAddSub
3 3 3 9 0 0 5 0 2.69 1 TAddSub
3 3 3 10 0 0 5 0 2.69 1 TAddSub
3 3 3 10 0 0 5 0 2.69 1 TAddSub
3 3 3 12.5 0 0 5 0 2.69 1 TAddSub
3 3 3 12.5 0 0 5 0 2.69 1 TAddSub
3 3 3 15 0 0 5 0 2.69 1 TAddSub
3 3 3 15 0 0 5 0 2.69 1 TAddSub
3 3 3 16 0 0 5 0 2.69 1 TAddSub
3 3 3 16 0 0 5 0 2.69 1 TAddSub
3 3 3 17.5 0 0 5 0 2.69 1 TAddSub
3 3 3 17.5 0 0 5 0 2.69 1 TAddSub
3 3 3 20 0 0 5 0 2.69 1 TAddSub
3 3 3 20 0 0 5 0 2.69 1 TAddSub
3 3 3 25 0 0 5 0 2.69 1 TAddSub
3 3 3 25 0 0 5 0 2.69 1 TAddSub
3 3 3 30 0 0 5 0 2.69 1 TAddSub
3 3 3 30 0 0 5 0 2.69 1 TAddSub
4 4 4 4 0 0 7 0 3.31 1 TAddSub
4 4 4 4 0 0 7 0 3.31 1 TAddSub
4 4 4 5 0 0 7 0 3.31 1 TAddSub
4 4 4 5 0 0 7 0 3.31 1 TAddSub
4 4 4 6 0 0 7 0 3.31 1 TAddSub
4 4 4 6 0 0 7 0 3.31 1 TAddSub
4 4 4 7 0 0 7 0 3.31 1 TAddSub
4 4 4 7 0 0 7 0 3.31 1 TAddSub
4 4 4 8 0 0 7 0 3.31 1 TAddSub
4 4 4 8 0 0 7 0 3.31 1 TAddSub
4 4 4 9 0 0 7 0 3.31 1 TAddSub
4 4 4 9 0 0 7 0 3.31 1 TAddSub
4 4 4 10 0 0 7 0 3.31 1 TAddSub
4 4 4 10 0 0 7 0 3.31 1 TAddSub
4 4 4 12.5 0 0 7 0 3.31 1 TAddSub
4 4 4 12.5 0 0 7 0 3.31 1 TAddSub
4 4 4 15 0 0 7 0 3.31 1 TAddSub
4 4 4 15 0 0 7 0 3.31 1 TAddSub
4 4 4 16 0 0 7 0 3.31 1 TAddSub
4 4 4 16 0 0 7 0 3.31 1 TAddSub
4 4 4 17.5 0 0 7 0 3.31 1 TAddSub
4 4 4 17.5 0 0 7 0 3.31 1 TAddSub
4 4 4 20 0 0 7 0 3.31 1 TAddSub
4 4 4 20 0 0 7 0 3.31 1 TAddSub
4 4 4 25 0 0 7 0 3.31 1 TAddSub
4 4 4 25 0 0 7 0 3.31 1 TAddSub
4 4 4 30 0 0 7 0 3.31 1 TAddSub
4 4 4 30 0 0 7 0 3.31 1 TAddSub
5 5 5 4 0 0 8 0 3.4 1 TAddSub
5 5 5 4 0 0 8 0 3.4 1 TAddSub
5 5 5 5 0 0 8 0 3.4 1 TAddSub
5 5 5 5 0 0 8 0 3.4 1 TAddSub
5 5 5 6 0 0 8 0 3.4 1 TAddSub
5 5 5 6 0 0 8 0 3.4 1 TAddSub
5 5 5 7 0 0 8 0 3.4 1 TAddSub
5 5 5 7 0 0 8 0 3.4 1 TAddSub
5 5 5 8 0 0 8 0 3.4 1 TAddSub
5 5 5 8 0 0 8 0 3.4 1 TAddSub
5 5 5 9 0 0 8 0 3.4 1 TAddSub
5 5 5 9 0 0 8 0 3.4 1 TAddSub
5 5 5 10 0 0 8 0 3.4 1 TAddSub
5 5 5 10 0 0 8 0 3.4 1 TAddSub
5 5 5 12.5 0 0 8 0 3.4 1 TAddSub
5 5 5 12.5 0 0 8 0 3.4 1 TAddSub
5 5 5 15 0 0 8 0 3.4 1 TAddSub
5 5 5 15 0 0 8 0 3.4 1 TAddSub
5 5 5 16 0 0 8 0 3.4 1 TAddSub
5 5 5 16 0 0 8 0 3.4 1 TAddSub
5 5 5 17.5 0 0 8 0 3.4 1 TAddSub
5 5 5 17.5 0 0 8 0 3.4 1 TAddSub
5 5 5 20 0 0 8 0 3.4 1 TAddSub
5 5 5 20 0 0 8 0 3.4 1 TAddSub
5 5 5 25 0 0 8 0 3.4 1 TAddSub
5 5 5 25 0 0 8 0 3.4 1 TAddSub
5 5 5 30 0 0 8 0 3.4 1 TAddSub
5 5 5 30 0 0 8 0 3.4 1 TAddSub
6 6 6 4 0 0 8 0 3.49 1 TAddSub
6 6 6 4 0 0 8 0 3.49 1 TAddSub
6 6 6 5 0 0 8 0 3.49 1 TAddSub
6 6 6 5 0 0 8 0 3.49 1 TAddSub
6 6 6 6 0 0 8 0 3.49 1 TAddSub
6 6 6 6 0 0 8 0 3.49 1 TAddSub
6 6 6 7 0 0 8 0 3.49 1 TAddSub
6 6 6 7 0 0 8 0 3.49 1 TAddSub
6 6 6 8 0 0 8 0 3.49 1 TAddSub
6 6 6 8 0 0 8 0 3.49 1 TAddSub
6 6 6 9 0 0 8 0 3.49 1 TAddSub
6 6 6 9 0 0 8 0 3.49 1 TAddSub
6 6 6 10 0 0 8 0 3.49 1 TAddSub
6 6 6 10 0 0 8 0 3.49 1 TAddSub
6 6 6 12.5 0 0 8 0 3.49 1 TAddSub
6 6 6 12.5 0 0 8 0 3.49 1 TAddSub
6 6 6 15 0 0 8 0 3.49 1 TAddSub
6 6 6 15 0 0 8 0 3.49 1 TAddSub
6 6 6 16 0 0 8 0 3.49 1 TAddSub
6 6 6 16 0 0 8 0 3.49 1 TAddSub
6 6 6 17.5 0 0 8 0 3.49 1 TAddSub
6 6 6 17.5 0 0 8 0 3.49 1 TAddSub
6 6 6 20 0 0 8 0 3.49 1 TAddSub
6 6 6 20 0 0 8 0 3.49 1 TAddSub
6 6 6 25 0 0 8 0 3.49 1 TAddSub
6 6 6 25 0 0 8 0 3.49 1 TAddSub
6 6 6 30 0 0 8 0 3.49 1 TAddSub
6 6 6 30 0 0 8 0 3.49 1 TAddSub
7 7 7 4 0 0 8 0 3.58 1 TAddSub
7 7 7 4 0 0 8 0 3.58 1 TAddSub
7 7 7 5 0 0 8 0 3.58 1 TAddSub
7 7 7 5 0 0 8 0 3.58 1 TAddSub
7 7 7 6 0 0 8 0 3.58 1 TAddSub
7 7 7 6 0 0 8 0 3.58 1 TAddSub
7 7 7 7 0 0 8 0 3.58 1 TAddSub
7 7 7 7 0 0 8 0 3.58 1 TAddSub
7 7 7 8 0 0 8 0 3.58 1 TAddSub
7 7 7 8 0 0 8 0 3.58 1 TAddSub
7 7 7 9 0 0 8 0 3.58 1 TAddSub
7 7 7 9 0 0 8 0 3.58 1 TAddSub
7 7 7 10 0 0 8 0 3.58 1 TAddSub
7 7 7 10 0 0 8 0 3.58 1 TAddSub
7 7 7 12.5 0 0 8 0 3.58 1 TAddSub
7 7 7 12.5 0 0 8 0 3.58 1 TAddSub
7 7 7 15 0 0 8 0 3.58 1 TAddSub
7 7 7 15 0 0 8 0 3.58 1 TAddSub
7 7 7 16 0 0 8 0 3.58 1 TAddSub
7 7 7 16 0 0 8 0 3.58 1 TAddSub
7 7 7 17.5 0 0 8 0 3.58 1 TAddSub
7 7 7 17.5 0 0 8 0 3.58 1 TAddSub
7 7 7 20 0 0 8 0 3.58 1 TAddSub
7 7 7 20 0 0 8 0 3.58 1 TAddSub
7 7 7 25 0 0 8 0 3.58 1 TAddSub
7 7 7 25 0 0 8 0 3.58 1 TAddSub
7 7 7 30 0 0 8 0 3.58 1 TAddSub
7 7 7 30 0 0 8 0 3.58 1 TAddSub
8 8 8 4 0 0 8 0 3.66 1 TAddSub
8 8 8 4 0 0 8 0 3.66 1 TAddSub
8 8 8 5 0 0 8 0 3.66 1 TAddSub
8 8 8 5 0 0 8 0 3.66 1 TAddSub
8 8 8 6 0 0 8 0 3.66 1 TAddSub
8 8 8 6 0 0 8 0 3.66 1 TAddSub
8 8 8 7 0 0 8 0 3.66 1 TAddSub
8 8 8 7 0 0 8 0 3.66 1 TAddSub
8 8 8 8 0 0 8 0 3.66 1 TAddSub
8 8 8 8 0 0 8 0 3.66 1 TAddSub
8 8 8 9 0 0 8 0 3.66 1 TAddSub
8 8 8 9 0 0 8 0 3.66 1 TAddSub
8 8 8 10 0 0 8 0 3.66 1 TAddSub
8 8 8 10 0 0 8 0 3.66 1 TAddSub
8 8 8 12.5 0 0 8 0 3.66 1 TAddSub
8 8 8 12.5 0 0 8 0 3.66 1 TAddSub
8 8 8 15 0 0 8 0 3.66 1 TAddSub
8 8 8 15 0 0 8 0 3.66 1 TAddSub
8 8 8 16 0 0 8 0 3.66 1 TAddSub
8 8 8 16 0 0 8 0 3.66 1 TAddSub
8 8 8 17.5 0 0 8 0 3.66 1 TAddSub
8 8 8 17.5 0 0 8 0 3.66 1 TAddSub
8 8 8 20 0 0 8 0 3.66 1 TAddSub
8 8 8 20 0 0 8 0 3.66 1 TAddSub
8 8 8 25 0 0 8 0 3.66 1 TAddSub
8 8 8 25 0 0 8 0 3.66 1 TAddSub
8 8 8 30 0 0 8 0 3.66 1 TAddSub
8 8 8 30 0 0 8 0 3.66 1 TAddSub
9 9 9 4 0 0 9 0 3.69 1 TAddSub
9 9 9 4 0 0 9 0 3.69 1 TAddSub
9 9 9 5 0 0 9 0 3.69 1 TAddSub
9 9 9 5 0 0 9 0 3.69 1 TAddSub
9 9 9 6 0 0 9 0 3.69 1 TAddSub
9 9 9 6 0 0 9 0 3.69 1 TAddSub
9 9 9 7 0 0 9 0 3.69 1 TAddSub
9 9 9 7 0 0 9 0 3.69 1 TAddSub
9 9 9 8 0 0 9 0 3.69 1 TAddSub
9 9 9 8 0 0 9 0 3.69 1 TAddSub
9 9 9 9 0 0 9 0 3.69 1 TAddSub
9 9 9 9 0 0 9 0 3.69 1 TAddSub
9 9 9 10 0 0 9 0 3.69 1 TAddSub
9 9 9 10 0 0 9 0 3.69 1 TAddSub
9 9 9 12.5 0 0 9 0 3.69 1 TAddSub
9 9 9 12.5 0 0 9 0 3.69 1 TAddSub
9 9 9 15 0 0 9 0 3.69 1 TAddSub
9 9 9 15 0 0 9 0 3.69 1 TAddSub
9 9 9 16 0 0 9 0 3.69 1 TAddSub
9 9 9 16 0 0 9 0 3.69 1 TAddSub
9 9 9 17.5 0 0 9 0 3.69 1 TAddSub
9 9 9 17.5 0 0 9 0 3.69 1 TAddSub
9 9 9 20 0 0 9 0 3.69 1 TAddSub
9 9 9 20 0 0 9 0 3.69 1 TAddSub
9 9 9 25 0 0 9 0 3.69 1 TAddSub
9 9 9 25 0 0 9 0 3.69 1 TAddSub
9 9 9 30 0 0 9 0 3.69 1 TAddSub
9 9 9 30 0 0 9 0 3.69 1 TAddSub
10 10 10 4 0 0 10 0 3.72 1 TAddSub
10 10 10 4 0 0 10 0 3.72 1 TAddSub
10 10 10 5 0 0 10 0 3.72 1 TAddSub
10 10 10 5 0 0 10 0 3.72 1 TAddSub
10 10 10 6 0 0 10 0 3.72 1 TAddSub
10 10 10 6 0 0 10 0 3.72 1 TAddSub
10 10 10 7 0 0 10 0 3.72 1 TAddSub
10 10 10 7 0 0 10 0 3.72 1 TAddSub
10 10 10 8 0 0 10 0 3.72 1 TAddSub
10 10 10 8 0 0 10 0 3.72 1 TAddSub
10 10 10 9 0 0 10 0 3.72 1 TAddSub
10 10 10 9 0 0 10 0 3.72 1 TAddSub
10 10 10 10 0 0 10 0 3.72 1 TAddSub
10 10 10 10 0 0 10 0 3.72 1 TAddSub
10 10 10 12.5 0 0 10 0 3.72 1 TAddSub
10 10 10 12.5 0 0 10 0 3.72 1 TAddSub
10 10 10 15 0 0 10 0 3.72 1 TAddSub
10 10 10 15 0 0 10 0 3.72 1 TAddSub
10 10 10 16 0 0 10 0 3.72 1 TAddSub
10 10 10 16 0 0 10 0 3.72 1 TAddSub
10 10 10 17.5 0 0 10 0 3.72 1 TAddSub
10 10 10 17.5 0 0 10 0 3.72 1 TAddSub
10 10 10 20 0 0 10 0 3.72 1 TAddSub
10 10 10 20 0 0 10 0 3.72 1 TAddSub
10 10 10 25 0 0 10 0 3.72 1 TAddSub
10 10 10 25 0 0 10 0 3.72 1 TAddSub
10 10 10 30 0 0 10 0 3.72 1 TAddSub
10 10 10 30 0 0 10 0 3.72 1 TAddSub
11 11 11 4 0 0 11 0 3.75 1 TAddSub
11 11 11 4 0 0 11 0 3.75 1 TAddSub
11 11 11 5 0 0 11 0 3.75 1 TAddSub
11 11 11 5 0 0 11 0 3.75 1 TAddSub
11 11 11 6 0 0 11 0 3.75 1 TAddSub
11 11 11 6 0 0 11 0 3.75 1 TAddSub
11 11 11 7 0 0 11 0 3.75 1 TAddSub
11 11 11 7 0 0 11 0 3.75 1 TAddSub
11 11 11 8 0 0 11 0 3.75 1 TAddSub
11 11 11 8 0 0 11 0 3.75 1 TAddSub
11 11 11 9 0 0 11 0 3.75 1 TAddSub
11 11 11 9 0 0 11 0 3.75 1 TAddSub
11 11 11 10 0 0 11 0 3.75 1 TAddSub
11 11 11 10 0 0 11 0 3.75 1 TAddSub
11 11 11 12.5 0 0 11 0 3.75 1 TAddSub
11 11 11 12.5 0 0 11 0 3.75 1 TAddSub
11 11 11 15 0 0 11 0 3.75 1 TAddSub
11 11 11 15 0 0 11 0 3.75 1 TAddSub
11 11 11 16 0 0 11 0 3.75 1 TAddSub
11 11 11 16 0 0 11 0 3.75 1 TAddSub
11 11 11 17.5 0 0 11 0 3.75 1 TAddSub
11 11 11 17.5 0 0 11 0 3.75 1 TAddSub
11 11 11 20 0 0 11 0 3.75 1 TAddSub
11 11 11 20 0 0 11 0 3.75 1 TAddSub
11 11 11 25 0 0 11 0 3.75 1 TAddSub
11 11 11 25 0 0 11 0 3.75 1 TAddSub
11 11 11 30 0 0 11 0 3.75 1 TAddSub
11 11 11 30 0 0 11 0 3.75 1 TAddSub
12 12 12 4 0 0 12 0 3.78 1 TAddSub
12 12 12 4 0 0 12 0 3.78 1 TAddSub
12 12 12 5 0 0 12 0 3.78 1 TAddSub
12 12 12 5 0 0 12 0 3.78 1 TAddSub
12 12 12 6 0 0 12 0 3.78 1 TAddSub
12 12 12 6 0 0 12 0 3.78 1 TAddSub
12 12 12 7 0 0 12 0 3.78 1 TAddSub
12 12 12 7 0 0 12 0 3.78 1 TAddSub
12 12 12 8 0 0 12 0 3.78 1 TAddSub
12 12 12 8 0 0 12 0 3.78 1 TAddSub
12 12 12 9 0 0 12 0 3.78 1 TAddSub
12 12 12 9 0 0 12 0 3.78 1 TAddSub
12 12 12 10 0 0 12 0 3.78 1 TAddSub
12 12 12 10 0 0 12 0 3.78 1 TAddSub
12 12 12 12.5 0 0 12 0 3.78 1 TAddSub
12 12 12 12.5 0 0 12 0 3.78 1 TAddSub
12 12 12 15 0 0 12 0 3.78 1 TAddSub
12 12 12 15 0 0 12 0 3.78 1 TAddSub
12 12 12 16 0 0 12 0 3.78 1 TAddSub
12 12 12 16 0 0 12 0 3.78 1 TAddSub
12 12 12 17.5 0 0 12 0 3.78 1 TAddSub
12 12 12 17.5 0 0 12 0 3.78 1 TAddSub
12 12 12 20 0 0 12 0 3.78 1 TAddSub
12 12 12 20 0 0 12 0 3.78 1 TAddSub
12 12 12 25 0 0 12 0 3.78 1 TAddSub
12 12 12 25 0 0 12 0 3.78 1 TAddSub
12 12 12 30 0 0 12 0 3.78 1 TAddSub
12 12 12 30 0 0 12 0 3.78 1 TAddSub
13 13 13 4 0 0 13 0 3.81 1 TAddSub
13 13 13 4 0 0 13 0 3.81 1 TAddSub
13 13 13 5 0 0 13 0 3.81 1 TAddSub
13 13 13 5 0 0 13 0 3.81 1 TAddSub
13 13 13 6 0 0 13 0 3.81 1 TAddSub
13 13 13 6 0 0 13 0 3.81 1 TAddSub
13 13 13 7 0 0 13 0 3.81 1 TAddSub
13 13 13 7 0 0 13 0 3.81 1 TAddSub
13 13 13 8 0 0 13 0 3.81 1 TAddSub
13 13 13 8 0 0 13 0 3.81 1 TAddSub
13 13 13 9 0 0 13 0 3.81 1 TAddSub
13 13 13 9 0 0 13 0 3.81 1 TAddSub
13 13 13 10 0 0 13 0 3.81 1 TAddSub
13 13 13 10 0 0 13 0 3.81 1 TAddSub
13 13 13 12.5 0 0 13 0 3.81 1 TAddSub
13 13 13 12.5 0 0 13 0 3.81 1 TAddSub
13 13 13 15 0 0 13 0 3.81 1 TAddSub
13 13 13 15 0 0 13 0 3.81 1 TAddSub
13 13 13 16 0 0 13 0 3.81 1 TAddSub
13 13 13 16 0 0 13 0 3.81 1 TAddSub
13 13 13 17.5 0 0 13 0 3.81 1 TAddSub
13 13 13 17.5 0 0 13 0 3.81 1 TAddSub
13 13 13 20 0 0 13 0 3.81 1 TAddSub
13 13 13 20 0 0 13 0 3.81 1 TAddSub
13 13 13 25 0 0 13 0 3.81 1 TAddSub
13 13 13 25 0 0 13 0 3.81 1 TAddSub
13 13 13 30 0 0 13 0 3.81 1 TAddSub
13 13 13 30 0 0 13 0 3.81 1 TAddSub
14 14 14 4 0 0 14 0 3.84 1 TAddSub
14 14 14 4 0 0 14 0 3.84 1 TAddSub
14 14 14 5 0 0 14 0 3.84 1 TAddSub
14 14 14 5 0 0 14 0 3.84 1 TAddSub
14 14 14 6 0 0 14 0 3.84 1 TAddSub
14 14 14 6 0 0 14 0 3.84 1 TAddSub
14 14 14 7 0 0 14 0 3.84 1 TAddSub
14 14 14 7 0 0 14 0 3.84 1 TAddSub
14 14 14 8 0 0 14 0 3.84 1 TAddSub
14 14 14 8 0 0 14 0 3.84 1 TAddSub
14 14 14 9 0 0 14 0 3.84 1 TAddSub
14 14 14 9 0 0 14 0 3.84 1 TAddSub
14 14 14 10 0 0 14 0 3.84 1 TAddSub
14 14 14 10 0 0 14 0 3.84 1 TAddSub
14 14 14 12.5 0 0 14 0 3.84 1 TAddSub
14 14 14 12.5 0 0 14 0 3.84 1 TAddSub
14 14 14 15 0 0 14 0 3.84 1 TAddSub
14 14 14 15 0 0 14 0 3.84 1 TAddSub
14 14 14 16 0 0 14 0 3.84 1 TAddSub
14 14 14 16 0 0 14 0 3.84 1 TAddSub
14 14 14 17.5 0 0 14 0 3.84 1 TAddSub
14 14 14 17.5 0 0 14 0 3.84 1 TAddSub
14 14 14 20 0 0 14 0 3.84 1 TAddSub
14 14 14 20 0 0 14 0 3.84 1 TAddSub
14 14 14 25 0 0 14 0 3.84 1 TAddSub
14 14 14 25 0 0 14 0 3.84 1 TAddSub
14 14 14 30 0 0 14 0 3.84 1 TAddSub
14 14 14 30 0 0 14 0 3.84 1 TAddSub
15 15 15 4 0 0 15 0 3.87 1 TAddSub
15 15 15 4 0 0 15 0 3.87 1 TAddSub
15 15 15 5 0 0 15 0 3.87 1 TAddSub
15 15 15 5 0 0 15 0 3.87 1 TAddSub
15 15 15 6 0 0 15 0 3.87 1 TAddSub
15 15 15 6 0 0 15 0 3.87 1 TAddSub
15 15 15 7 0 0 15 0 3.87 1 TAddSub
15 15 15 7 0 0 15 0 3.87 1 TAddSub
15 15 15 8 0 0 15 0 3.87 1 TAddSub
15 15 15 8 0 0 15 0 3.87 1 TAddSub
15 15 15 9 0 0 15 0 3.87 1 TAddSub
15 15 15 9 0 0 15 0 3.87 1 TAddSub
15 15 15 10 0 0 15 0 3.87 1 TAddSub
15 15 15 10 0 0 15 0 3.87 1 TAddSub
15 15 15 12.5 0 0 15 0 3.87 1 TAddSub
15 15 15 12.5 0 0 15 0 3.87 1 TAddSub
15 15 15 15 0 0 15 0 3.87 1 TAddSub
15 15 15 15 0 0 15 0 3.87 1 TAddSub
15 15 15 16 0 0 15 0 3.87 1 TAddSub
15 15 15 16 0 0 15 0 3.87 1 TAddSub
15 15 15 17.5 0 0 15 0 3.87 1 TAddSub
15 15 15 17.5 0 0 15 0 3.87 1 TAddSub
15 15 15 20 0 0 15 0 3.87 1 TAddSub
15 15 15 20 0 0 15 0 3.87 1 TAddSub
15 15 15 25 0 0 15 0 3.87 1 TAddSub
15 15 15 25 0 0 15 0 3.87 1 TAddSub
15 15 15 30 0 0 15 0 3.87 1 TAddSub
15 15 15 30 0 0 15 0 3.87 1 TAddSub
16 16 16 4 0 0 16 0 3.9 1 TAddSub
16 16 16 4 0 0 16 0 3.9 1 TAddSub
16 16 16 5 0 0 16 0 3.9 1 TAddSub
16 16 16 5 0 0 16 0 3.9 1 TAddSub
16 16 16 6 0 0 16 0 3.9 1 TAddSub
16 16 16 6 0 0 16 0 3.9 1 TAddSub
16 16 16 7 0 0 16 0 3.9 1 TAddSub
16 16 16 7 0 0 16 0 3.9 1 TAddSub
16 16 16 8 0 0 16 0 3.9 1 TAddSub
16 16 16 8 0 0 16 0 3.9 1 TAddSub
16 16 16 9 0 0 16 0 3.9 1 TAddSub
16 16 16 9 0 0 16 0 3.9 1 TAddSub
16 16 16 10 0 0 16 0 3.9 1 TAddSub
16 16 16 10 0 0 16 0 3.9 1 TAddSub
16 16 16 12.5 0 0 16 0 3.9 1 TAddSub
16 16 16 12.5 0 0 16 0 3.9 1 TAddSub
16 16 16 15 0 0 16 0 3.9 1 TAddSub
16 16 16 15 0 0 16 0 3.9 1 TAddSub
16 16 16 16 0 0 16 0 3.9 1 TAddSub
16 16 16 16 0 0 16 0 3.9 1 TAddSub
16 16 16 17.5 0 0 16 0 3.9 1 TAddSub
16 16 16 17.5 0 0 16 0 3.9 1 TAddSub
16 16 16 20 0 0 16 0 3.9 1 TAddSub
16 16 16 20 0 0 16 0 3.9 1 TAddSub
16 16 16 25 0 0 16 0 3.9 1 TAddSub
16 16 16 25 0 0 16 0 3.9 1 TAddSub
16 16 16 30 0 0 16 0 3.9 1 TAddSub
16 16 16 30 0 0 16 0 3.9 1 TAddSub
17 17 17 4 0 0 17 0 3.93 1 TAddSub
17 17 17 4 0 0 17 0 3.93 1 TAddSub
17 17 17 5 0 0 17 0 3.93 1 TAddSub
17 17 17 5 0 0 17 0 3.93 1 TAddSub
17 17 17 6 0 0 17 0 3.93 1 TAddSub
17 17 17 6 0 0 17 0 3.93 1 TAddSub
17 17 17 7 0 0 17 0 3.93 1 TAddSub
17 17 17 7 0 0 17 0 3.93 1 TAddSub
17 17 17 8 0 0 17 0 3.93 1 TAddSub
17 17 17 8 0 0 17 0 3.93 1 TAddSub
17 17 17 9 0 0 17 0 3.93 1 TAddSub
17 17 17 9 0 0 17 0 3.93 1 TAddSub
17 17 17 10 0 0 17 0 3.93 1 TAddSub
17 17 17 10 0 0 17 0 3.93 1 TAddSub
17 17 17 12.5 0 0 17 0 3.93 1 TAddSub
17 17 17 12.5 0 0 17 0 3.93 1 TAddSub
17 17 17 15 0 0 17 0 3.93 1 TAddSub
17 17 17 15 0 0 17 0 3.93 1 TAddSub
17 17 17 16 0 0 17 0 3.93 1 TAddSub
17 17 17 16 0 0 17 0 3.93 1 TAddSub
17 17 17 17.5 0 0 17 0 3.93 1 TAddSub
17 17 17 17.5 0 0 17 0 3.93 1 TAddSub
17 17 17 20 0 0 17 0 3.93 1 TAddSub
17 17 17 20 0 0 17 0 3.93 1 TAddSub
17 17 17 25 0 0 17 0 3.93 1 TAddSub
17 17 17 25 0 0 17 0 3.93 1 TAddSub
17 17 17 30 0 0 17 0 3.93 1 TAddSub
17 17 17 30 0 0 17 0 3.93 1 TAddSub
18 18 18 4 0 0 18 0 3.96 1 TAddSub
18 18 18 4 0 0 18 0 3.96 1 TAddSub
18 18 18 5 0 0 18 0 3.96 1 TAddSub
18 18 18 5 0 0 18 0 3.96 1 TAddSub
18 18 18 6 0 0 18 0 3.96 1 TAddSub
18 18 18 6 0 0 18 0 3.96 1 TAddSub
18 18 18 7 0 0 18 0 3.96 1 TAddSub
18 18 18 7 0 0 18 0 3.96 1 TAddSub
18 18 18 8 0 0 18 0 3.96 1 TAddSub
18 18 18 8 0 0 18 0 3.96 1 TAddSub
18 18 18 9 0 0 18 0 3.96 1 TAddSub
18 18 18 9 0 0 18 0 3.96 1 TAddSub
18 18 18 10 0 0 18 0 3.96 1 TAddSub
18 18 18 10 0 0 18 0 3.96 1 TAddSub
18 18 18 12.5 0 0 18 0 3.96 1 TAddSub
18 18 18 12.5 0 0 18 0 3.96 1 TAddSub
18 18 18 15 0 0 18 0 3.96 1 TAddSub
18 18 18 15 0 0 18 0 3.96 1 TAddSub
18 18 18 16 0 0 18 0 3.96 1 TAddSub
18 18 18 16 0 0 18 0 3.96 1 TAddSub
18 18 18 17.5 0 0 18 0 3.96 1 TAddSub
18 18 18 17.5 0 0 18 0 3.96 1 TAddSub
18 18 18 20 0 0 18 0 3.96 1 TAddSub
18 18 18 20 0 0 18 0 3.96 1 TAddSub
18 18 18 25 0 0 18 0 3.96 1 TAddSub
18 18 18 25 0 0 18 0 3.96 1 TAddSub
18 18 18 30 0 0 18 0 3.96 1 TAddSub
18 18 18 30 0 0 18 0 3.96 1 TAddSub
19 19 19 4 0 0 19 0 3.99 1 TAddSub
19 19 19 4 0 0 19 0 3.99 1 TAddSub
19 19 19 5 0 0 19 0 3.99 1 TAddSub
19 19 19 5 0 0 19 0 3.99 1 TAddSub
19 19 19 6 0 0 19 0 3.99 1 TAddSub
19 19 19 6 0 0 19 0 3.99 1 TAddSub
19 19 19 7 0 0 19 0 3.99 1 TAddSub
19 19 19 7 0 0 19 0 3.99 1 TAddSub
19 19 19 8 0 0 19 0 3.99 1 TAddSub
19 19 19 8 0 0 19 0 3.99 1 TAddSub
19 19 19 9 0 0 19 0 3.99 1 TAddSub
19 19 19 9 0 0 19 0 3.99 1 TAddSub
19 19 19 10 0 0 19 0 3.99 1 TAddSub
19 19 19 10 0 0 19 0 3.99 1 TAddSub
19 19 19 12.5 0 0 19 0 3.99 1 TAddSub
19 19 19 12.5 0 0 19 0 3.99 1 TAddSub
19 19 19 15 0 0 19 0 3.99 1 TAddSub
19 19 19 15 0 0 19 0 3.99 1 TAddSub
19 19 19 16 0 0 19 0 3.99 1 TAddSub
19 19 19 16 0 0 19 0 3.99 1 TAddSub
19 19 19 17.5 0 0 19 0 3.99 1 TAddSub
19 19 19 17.5 0 0 19 0 3.99 1 TAddSub
19 19 19 20 0 0 19 0 3.99 1 TAddSub
19 19 19 20 0 0 19 0 3.99 1 TAddSub
19 19 19 25 0 0 19 0 3.99 1 TAddSub
19 19 19 25 0 0 19 0 3.99 1 TAddSub
19 19 19 30 0 0 19 0 3.99 1 TAddSub
19 19 19 30 0 0 19 0 3.99 1 TAddSub
20 20 20 5 0 0 20 0 4.02 1 TAddSub
20 20 20 5 0 0 20 0 4.02 1 TAddSub
20 20 20 6 0 0 20 0 4.02 1 TAddSub
20 20 20 6 0 0 20 0 4.02 1 TAddSub
20 20 20 7 0 0 20 0 4.02 1 TAddSub
20 20 20 7 0 0 20 0 4.02 1 TAddSub
20 20 20 8 0 0 20 0 4.02 1 TAddSub
20 20 20 8 0 0 20 0 4.02 1 TAddSub
20 20 20 9 0 0 20 0 4.02 1 TAddSub
20 20 20 9 0 0 20 0 4.02 1 TAddSub
20 20 20 10 0 0 20 0 4.02 1 TAddSub
20 20 20 10 0 0 20 0 4.02 1 TAddSub
20 20 20 12.5 0 0 20 0 4.02 1 TAddSub
20 20 20 12.5 0 0 20 0 4.02 1 TAddSub
20 20 20 15 0 0 20 0 4.02 1 TAddSub
20 20 20 15 0 0 20 0 4.02 1 TAddSub
20 20 20 16 0 0 20 0 4.02 1 TAddSub
20 20 20 16 0 0 20 0 4.02 1 TAddSub
20 20 20 17.5 0 0 20 0 4.02 1 TAddSub
20 20 20 17.5 0 0 20 0 4.02 1 TAddSub
20 20 20 20 0 0 20 0 4.02 1 TAddSub
20 20 20 20 0 0 20 0 4.02 1 TAddSub
20 20 20 25 0 0 20 0 4.02 1 TAddSub
20 20 20 25 0 0 20 0 4.02 1 TAddSub
20 20 20 30 0 0 20 0 4.02 1 TAddSub
20 20 20 30 0 0 20 0 4.02 1 TAddSub
21 21 21 5 0 0 21 0 4.04 1 TAddSub
21 21 21 5 0 0 21 0 4.04 1 TAddSub
21 21 21 6 0 0 21 0 4.04 1 TAddSub
21 21 21 6 0 0 21 0 4.04 1 TAddSub
21 21 21 7 0 0 21 0 4.04 1 TAddSub
21 21 21 7 0 0 21 0 4.04 1 TAddSub
21 21 21 8 0 0 21 0 4.04 1 TAddSub
21 21 21 8 0 0 21 0 4.04 1 TAddSub
21 21 21 9 0 0 21 0 4.04 1 TAddSub
21 21 21 9 0 0 21 0 4.04 1 TAddSub
21 21 21 10 0 0 21 0 4.04 1 TAddSub
21 21 21 10 0 0 21 0 4.04 1 TAddSub
21 21 21 12.5 0 0 21 0 4.04 1 TAddSub
21 21 21 12.5 0 0 21 0 4.04 1 TAddSub
21 21 21 15 0 0 21 0 4.04 1 TAddSub
21 21 21 15 0 0 21 0 4.04 1 TAddSub
21 21 21 16 0 0 21 0 4.04 1 TAddSub
21 21 21 16 0 0 21 0 4.04 1 TAddSub
21 21 21 17.5 0 0 21 0 4.04 1 TAddSub
21 21 21 17.5 0 0 21 0 4.04 1 TAddSub
21 21 21 20 0 0 21 0 4.04 1 TAddSub
21 21 21 20 0 0 21 0 4.04 1 TAddSub
21 21 21 25 0 0 21 0 4.04 1 TAddSub
21 21 21 25 0 0 21 0 4.04 1 TAddSub
21 21 21 30 0 0 21 0 4.04 1 TAddSub
21 21 21 30 0 0 21 0 4.04 1 TAddSub
22 22 22 5 0 0 22 0 4.07 1 TAddSub
22 22 22 5 0 0 22 0 4.07 1 TAddSub
22 22 22 6 0 0 22 0 4.07 1 TAddSub
22 22 22 6 0 0 22 0 4.07 1 TAddSub
22 22 22 7 0 0 22 0 4.07 1 TAddSub
22 22 22 7 0 0 22 0 4.07 1 TAddSub
22 22 22 8 0 0 22 0 4.07 1 TAddSub
22 22 22 8 0 0 22 0 4.07 1 TAddSub
22 22 22 9 0 0 22 0 4.07 1 TAddSub
22 22 22 9 0 0 22 0 4.07 1 TAddSub
22 22 22 10 0 0 22 0 4.07 1 TAddSub
22 22 22 10 0 0 22 0 4.07 1 TAddSub
22 22 22 12.5 0 0 22 0 4.07 1 TAddSub
22 22 22 12.5 0 0 22 0 4.07 1 TAddSub
22 22 22 15 0 0 22 0 4.07 1 TAddSub
22 22 22 15 0 0 22 0 4.07 1 TAddSub
22 22 22 16 0 0 22 0 4.07 1 TAddSub
22 22 22 16 0 0 22 0 4.07 1 TAddSub
22 22 22 17.5 0 0 22 0 4.07 1 TAddSub
22 22 22 17.5 0 0 22 0 4.07 1 TAddSub
22 22 22 20 0 0 22 0 4.07 1 TAddSub
22 22 22 20 0 0 22 0 4.07 1 TAddSub
22 22 22 25 0 0 22 0 4.07 1 TAddSub
22 22 22 25 0 0 22 0 4.07 1 TAddSub
22 22 22 30 0 0 22 0 4.07 1 TAddSub
22 22 22 30 0 0 22 0 4.07 1 TAddSub
23 23 23 5 0 0 23 0 4.1 1 TAddSub
23 23 23 5 0 0 23 0 4.1 1 TAddSub
23 23 23 6 0 0 23 0 4.1 1 TAddSub
23 23 23 6 0 0 23 0 4.1 1 TAddSub
23 23 23 7 0 0 23 0 4.1 1 TAddSub
23 23 23 7 0 0 23 0 4.1 1 TAddSub
23 23 23 8 0 0 23 0 4.1 1 TAddSub
23 23 23 8 0 0 23 0 4.1 1 TAddSub
23 23 23 9 0 0 23 0 4.1 1 TAddSub
23 23 23 9 0 0 23 0 4.1 1 TAddSub
23 23 23 10 0 0 23 0 4.1 1 TAddSub
23 23 23 10 0 0 23 0 4.1 1 TAddSub
23 23 23 12.5 0 0 23 0 4.1 1 TAddSub
23 23 23 12.5 0 0 23 0 4.1 1 TAddSub
23 23 23 15 0 0 23 0 4.1 1 TAddSub
23 23 23 15 0 0 23 0 4.1 1 TAddSub
23 23 23 16 0 0 23 0 4.1 1 TAddSub
23 23 23 16 0 0 23 0 4.1 1 TAddSub
23 23 23 17.5 0 0 23 0 4.1 1 TAddSub
23 23 23 17.5 0 0 23 0 4.1 1 TAddSub
23 23 23 20 0 0 23 0 4.1 1 TAddSub
23 23 23 20 0 0 23 0 4.1 1 TAddSub
23 23 23 25 0 0 23 0 4.1 1 TAddSub
23 23 23 25 0 0 23 0 4.1 1 TAddSub
23 23 23 30 0 0 23 0 4.1 1 TAddSub
23 23 23 30 0 0 23 0 4.1 1 TAddSub
24 24 24 5 0 0 24 0 4.13 1 TAddSub
24 24 24 5 0 0 24 0 4.13 1 TAddSub
24 24 24 6 0 0 24 0 4.13 1 TAddSub
24 24 24 6 0 0 24 0 4.13 1 TAddSub
24 24 24 7 0 0 24 0 4.13 1 TAddSub
24 24 24 7 0 0 24 0 4.13 1 TAddSub
24 24 24 8 0 0 24 0 4.13 1 TAddSub
24 24 24 8 0 0 24 0 4.13 1 TAddSub
24 24 24 9 0 0 24 0 4.13 1 TAddSub
24 24 24 9 0 0 24 0 4.13 1 TAddSub
24 24 24 10 0 0 24 0 4.13 1 TAddSub
24 24 24 10 0 0 24 0 4.13 1 TAddSub
24 24 24 12.5 0 0 24 0 4.13 1 TAddSub
24 24 24 12.5 0 0 24 0 4.13 1 TAddSub
24 24 24 15 0 0 24 0 4.13 1 TAddSub
24 24 24 15 0 0 24 0 4.13 1 TAddSub
24 24 24 16 0 0 24 0 4.13 1 TAddSub
24 24 24 16 0 0 24 0 4.13 1 TAddSub
24 24 24 17.5 0 0 24 0 4.13 1 TAddSub
24 24 24 17.5 0 0 24 0 4.13 1 TAddSub
24 24 24 20 0 0 24 0 4.13 1 TAddSub
24 24 24 20 0 0 24 0 4.13 1 TAddSub
24 24 24 25 0 0 24 0 4.13 1 TAddSub
24 24 24 25 0 0 24 0 4.13 1 TAddSub
24 24 24 30 0 0 24 0 4.13 1 TAddSub
24 24 24 30 0 0 24 0 4.13 1 TAddSub
25 25 25 5 0 0 25 0 4.16 1 TAddSub
25 25 25 5 0 0 25 0 4.16 1 TAddSub
25 25 25 6 0 0 25 0 4.16 1 TAddSub
25 25 25 6 0 0 25 0 4.16 1 TAddSub
25 25 25 7 0 0 25 0 4.16 1 TAddSub
25 25 25 7 0 0 25 0 4.16 1 TAddSub
25 25 25 8 0 0 25 0 4.16 1 TAddSub
25 25 25 8 0 0 25 0 4.16 1 TAddSub
25 25 25 9 0 0 25 0 4.16 1 TAddSub
25 25 25 9 0 0 25 0 4.16 1 TAddSub
25 25 25 10 0 0 25 0 4.16 1 TAddSub
25 25 25 10 0 0 25 0 4.16 1 TAddSub
25 25 25 12.5 0 0 25 0 4.16 1 TAddSub
25 25 25 12.5 0 0 25 0 4.16 1 TAddSub
25 25 25 15 0 0 25 0 4.16 1 TAddSub
25 25 25 15 0 0 25 0 4.16 1 TAddSub
25 25 25 16 0 0 25 0 4.16 1 TAddSub
25 25 25 16 0 0 25 0 4.16 1 TAddSub
25 25 25 17.5 0 0 25 0 4.16 1 TAddSub
25 25 25 17.5 0 0 25 0 4.16 1 TAddSub
25 25 25 20 0 0 25 0 4.16 1 TAddSub
25 25 25 20 0 0 25 0 4.16 1 TAddSub
25 25 25 25 0 0 25 0 4.16 1 TAddSub
25 25 25 25 0 0 25 0 4.16 1 TAddSub
25 25 25 30 0 0 25 0 4.16 1 TAddSub
25 25 25 30 0 0 25 0 4.16 1 TAddSub
26 26 26 5 0 0 26 0 4.19 1 TAddSub
26 26 26 5 0 0 26 0 4.19 1 TAddSub
26 26 26 6 0 0 26 0 4.19 1 TAddSub
26 26 26 6 0 0 26 0 4.19 1 TAddSub
26 26 26 7 0 0 26 0 4.19 1 TAddSub
26 26 26 7 0 0 26 0 4.19 1 TAddSub
26 26 26 8 0 0 26 0 4.19 1 TAddSub
26 26 26 8 0 0 26 0 4.19 1 TAddSub
26 26 26 9 0 0 26 0 4.19 1 TAddSub
26 26 26 9 0 0 26 0 4.19 1 TAddSub
26 26 26 10 0 0 26 0 4.19 1 TAddSub
26 26 26 10 0 0 26 0 4.19 1 TAddSub
26 26 26 12.5 0 0 26 0 4.19 1 TAddSub
26 26 26 12.5 0 0 26 0 4.19 1 TAddSub
26 26 26 15 0 0 26 0 4.19 1 TAddSub
26 26 26 15 0 0 26 0 4.19 1 TAddSub
26 26 26 16 0 0 26 0 4.19 1 TAddSub
26 26 26 16 0 0 26 0 4.19 1 TAddSub
26 26 26 17.5 0 0 26 0 4.19 1 TAddSub
26 26 26 17.5 0 0 26 0 4.19 1 TAddSub
26 26 26 20 0 0 26 0 4.19 1 TAddSub
26 26 26 20 0 0 26 0 4.19 1 TAddSub
26 26 26 25 0 0 26 0 4.19 1 TAddSub
26 26 26 25 0 0 26 0 4.19 1 TAddSub
26 26 26 30 0 0 26 0 4.19 1 TAddSub
26 26 26 30 0 0 26 0 4.19 1 TAddSub
27 27 27 5 0 0 27 0 4.22 1 TAddSub
27 27 27 5 0 0 27 0 4.22 1 TAddSub
27 27 27 6 0 0 27 0 4.22 1 TAddSub
27 27 27 6 0 0 27 0 4.22 1 TAddSub
27 27 27 7 0 0 27 0 4.22 1 TAddSub
27 27 27 7 0 0 27 0 4.22 1 TAddSub
27 27 27 8 0 0 27 0 4.22 1 TAddSub
27 27 27 8 0 0 27 0 4.22 1 TAddSub
27 27 27 9 0 0 27 0 4.22 1 TAddSub
27 27 27 9 0 0 27 0 4.22 1 TAddSub
27 27 27 10 0 0 27 0 4.22 1 TAddSub
27 27 27 10 0 0 27 0 4.22 1 TAddSub
27 27 27 12.5 0 0 27 0 4.22 1 TAddSub
27 27 27 12.5 0 0 27 0 4.22 1 TAddSub
27 27 27 15 0 0 27 0 4.22 1 TAddSub
27 27 27 15 0 0 27 0 4.22 1 TAddSub
27 27 27 16 0 0 27 0 4.22 1 TAddSub
27 27 27 16 0 0 27 0 4.22 1 TAddSub
27 27 27 17.5 0 0 27 0 4.22 1 TAddSub
27 27 27 17.5 0 0 27 0 4.22 1 TAddSub
27 27 27 20 0 0 27 0 4.22 1 TAddSub
27 27 27 20 0 0 27 0 4.22 1 TAddSub
27 27 27 25 0 0 27 0 4.22 1 TAddSub
27 27 27 25 0 0 27 0 4.22 1 TAddSub
27 27 27 30 0 0 27 0 4.22 1 TAddSub
27 27 27 30 0 0 27 0 4.22 1 TAddSub
28 28 28 5 0 0 28 0 4.25 1 TAddSub
28 28 28 5 0 0 28 0 4.25 1 TAddSub
28 28 28 6 0 0 28 0 4.25 1 TAddSub
28 28 28 6 0 0 28 0 4.25 1 TAddSub
28 28 28 7 0 0 28 0 4.25 1 TAddSub
28 28 28 7 0 0 28 0 4.25 1 TAddSub
28 28 28 8 0 0 28 0 4.25 1 TAddSub
28 28 28 8 0 0 28 0 4.25 1 TAddSub
28 28 28 9 0 0 28 0 4.25 1 TAddSub
28 28 28 9 0 0 28 0 4.25 1 TAddSub
28 28 28 10 0 0 28 0 4.25 1 TAddSub
28 28 28 10 0 0 28 0 4.25 1 TAddSub
28 28 28 12.5 0 0 28 0 4.25 1 TAddSub
28 28 28 12.5 0 0 28 0 4.25 1 TAddSub
28 28 28 15 0 0 28 0 4.25 1 TAddSub
28 28 28 15 0 0 28 0 4.25 1 TAddSub
28 28 28 16 0 0 28 0 4.25 1 TAddSub
28 28 28 16 0 0 28 0 4.25 1 TAddSub
28 28 28 17.5 0 0 28 0 4.25 1 TAddSub
28 28 28 17.5 0 0 28 0 4.25 1 TAddSub
28 28 28 20 0 0 28 0 4.25 1 TAddSub
28 28 28 20 0 0 28 0 4.25 1 TAddSub
28 28 28 25 0 0 28 0 4.25 1 TAddSub
28 28 28 25 0 0 28 0 4.25 1 TAddSub
28 28 28 30 0 0 28 0 4.25 1 TAddSub
28 28 28 30 0 0 28 0 4.25 1 TAddSub
29 29 29 5 0 0 29 0 4.28 1 TAddSub
29 29 29 5 0 0 29 0 4.28 1 TAddSub
29 29 29 6 0 0 29 0 4.28 1 TAddSub
29 29 29 6 0 0 29 0 4.28 1 TAddSub
29 29 29 7 0 0 29 0 4.28 1 TAddSub
29 29 29 7 0 0 29 0 4.28 1 TAddSub
29 29 29 8 0 0 29 0 4.28 1 TAddSub
29 29 29 8 0 0 29 0 4.28 1 TAddSub
29 29 29 9 0 0 29 0 4.28 1 TAddSub
29 29 29 9 0 0 29 0 4.28 1 TAddSub
29 29 29 10 0 0 29 0 4.28 1 TAddSub
29 29 29 10 0 0 29 0 4.28 1 TAddSub
29 29 29 12.5 0 0 29 0 4.28 1 TAddSub
29 29 29 12.5 0 0 29 0 4.28 1 TAddSub
29 29 29 15 0 0 29 0 4.28 1 TAddSub
29 29 29 15 0 0 29 0 4.28 1 TAddSub
29 29 29 16 0 0 29 0 4.28 1 TAddSub
29 29 29 16 0 0 29 0 4.28 1 TAddSub
29 29 29 17.5 0 0 29 0 4.28 1 TAddSub
29 29 29 17.5 0 0 29 0 4.28 1 TAddSub
29 29 29 20 0 0 29 0 4.28 1 TAddSub
29 29 29 20 0 0 29 0 4.28 1 TAddSub
29 29 29 25 0 0 29 0 4.28 1 TAddSub
29 29 29 25 0 0 29 0 4.28 1 TAddSub
29 29 29 30 0 0 29 0 4.28 1 TAddSub
29 29 29 30 0 0 29 0 4.28 1 TAddSub
30 30 30 5 0 0 30 0 4.31 1 TAddSub
30 30 30 5 0 0 30 0 4.31 1 TAddSub
30 30 30 6 0 0 30 0 4.31 1 TAddSub
30 30 30 6 0 0 30 0 4.31 1 TAddSub
30 30 30 7 0 0 30 0 4.31 1 TAddSub
30 30 30 7 0 0 30 0 4.31 1 TAddSub
30 30 30 8 0 0 30 0 4.31 1 TAddSub
30 30 30 8 0 0 30 0 4.31 1 TAddSub
30 30 30 9 0 0 30 0 4.31 1 TAddSub
30 30 30 9 0 0 30 0 4.31 1 TAddSub
30 30 30 10 0 0 30 0 4.31 1 TAddSub
30 30 30 10 0 0 30 0 4.31 1 TAddSub
30 30 30 12.5 0 0 30 0 4.31 1 TAddSub
30 30 30 12.5 0 0 30 0 4.31 1 TAddSub
30 30 30 15 0 0 30 0 4.31 1 TAddSub
30 30 30 15 0 0 30 0 4.31 1 TAddSub
30 30 30 16 0 0 30 0 4.31 1 TAddSub
30 30 30 16 0 0 30 0 4.31 1 TAddSub
30 30 30 17.5 0 0 30 0 4.31 1 TAddSub
30 30 30 17.5 0 0 30 0 4.31 1 TAddSub
30 30 30 20 0 0 30 0 4.31 1 TAddSub
30 30 30 20 0 0 30 0 4.31 1 TAddSub
30 30 30 25 0 0 30 0 4.31 1 TAddSub
30 30 30 25 0 0 30 0 4.31 1 TAddSub
30 30 30 30 0 0 30 0 4.31 1 TAddSub
30 30 30 30 0 0 30 0 4.31 1 TAddSub
31 31 31 5 0 0 31 0 4.34 1 TAddSub
31 31 31 5 0 0 31 0 4.34 1 TAddSub
31 31 31 6 0 0 31 0 4.34 1 TAddSub
31 31 31 6 0 0 31 0 4.34 1 TAddSub
31 31 31 7 0 0 31 0 4.34 1 TAddSub
31 31 31 7 0 0 31 0 4.34 1 TAddSub
31 31 31 8 0 0 31 0 4.34 1 TAddSub
31 31 31 8 0 0 31 0 4.34 1 TAddSub
31 31 31 9 0 0 31 0 4.34 1 TAddSub
31 31 31 9 0 0 31 0 4.34 1 TAddSub
31 31 31 10 0 0 31 0 4.34 1 TAddSub
31 31 31 10 0 0 31 0 4.34 1 TAddSub
31 31 31 12.5 0 0 31 0 4.34 1 TAddSub
31 31 31 12.5 0 0 31 0 4.34 1 TAddSub
31 31 31 15 0 0 31 0 4.34 1 TAddSub
31 31 31 15 0 0 31 0 4.34 1 TAddSub
31 31 31 16 0 0 31 0 4.34 1 TAddSub
31 31 31 16 0 0 31 0 4.34 1 TAddSub
31 31 31 17.5 0 0 31 0 4.34 1 TAddSub
31 31 31 17.5 0 0 31 0 4.34 1 TAddSub
31 31 31 20 0 0 31 0 4.34 1 TAddSub
31 31 31 20 0 0 31 0 4.34 1 TAddSub
31 31 31 25 0 0 31 0 4.34 1 TAddSub
31 31 31 25 0 0 31 0 4.34 1 TAddSub
31 31 31 30 0 0 31 0 4.34 1 TAddSub
31 31 31 30 0 0 31 0 4.34 1 TAddSub
32 32 32 5 0 0 32 0 4.37 1 TAddSub
32 32 32 5 0 0 32 0 4.37 1 TAddSub
32 32 32 6 0 0 32 0 4.37 1 TAddSub
32 32 32 6 0 0 32 0 4.37 1 TAddSub
32 32 32 7 0 0 32 0 4.37 1 TAddSub
32 32 32 7 0 0 32 0 4.37 1 TAddSub
32 32 32 8 0 0 32 0 4.37 1 TAddSub
32 32 32 8 0 0 32 0 4.37 1 TAddSub
32 32 32 9 0 0 32 0 4.37 1 TAddSub
32 32 32 9 0 0 32 0 4.37 1 TAddSub
32 32 32 10 0 0 32 0 4.37 1 TAddSub
32 32 32 10 0 0 32 0 4.37 1 TAddSub
32 32 32 12.5 0 0 32 0 4.37 1 TAddSub
32 32 32 12.5 0 0 32 0 4.37 1 TAddSub
32 32 32 15 0 0 32 0 4.37 1 TAddSub
32 32 32 15 0 0 32 0 4.37 1 TAddSub
32 32 32 16 0 0 32 0 4.37 1 TAddSub
32 32 32 16 0 0 32 0 4.37 1 TAddSub
32 32 32 17.5 0 0 32 0 4.37 1 TAddSub
32 32 32 17.5 0 0 32 0 4.37 1 TAddSub
32 32 32 20 0 0 32 0 4.37 1 TAddSub
32 32 32 20 0 0 32 0 4.37 1 TAddSub
32 32 32 25 0 0 32 0 4.37 1 TAddSub
32 32 32 25 0 0 32 0 4.37 1 TAddSub
32 32 32 30 0 0 32 0 4.37 1 TAddSub
32 32 32 30 0 0 32 0 4.37 1 TAddSub
33 33 33 5 0 0 33 0 4.4 1 TAddSub
33 33 33 5 0 0 33 0 4.4 1 TAddSub
33 33 33 6 0 0 33 0 4.4 1 TAddSub
33 33 33 6 0 0 33 0 4.4 1 TAddSub
33 33 33 7 0 0 33 0 4.4 1 TAddSub
33 33 33 7 0 0 33 0 4.4 1 TAddSub
33 33 33 8 0 0 33 0 4.4 1 TAddSub
33 33 33 8 0 0 33 0 4.4 1 TAddSub
33 33 33 9 0 0 33 0 4.4 1 TAddSub
33 33 33 9 0 0 33 0 4.4 1 TAddSub
33 33 33 10 0 0 33 0 4.4 1 TAddSub
33 33 33 10 0 0 33 0 4.4 1 TAddSub
33 33 33 12.5 0 0 33 0 4.4 1 TAddSub
33 33 33 12.5 0 0 33 0 4.4 1 TAddSub
33 33 33 15 0 0 33 0 4.4 1 TAddSub
33 33 33 15 0 0 33 0 4.4 1 TAddSub
33 33 33 16 0 0 33 0 4.4 1 TAddSub
33 33 33 16 0 0 33 0 4.4 1 TAddSub
33 33 33 17.5 0 0 33 0 4.4 1 TAddSub
33 33 33 17.5 0 0 33 0 4.4 1 TAddSub
33 33 33 20 0 0 33 0 4.4 1 TAddSub
33 33 33 20 0 0 33 0 4.4 1 TAddSub
33 33 33 25 0 0 33 0 4.4 1 TAddSub
33 33 33 25 0 0 33 0 4.4 1 TAddSub
33 33 33 30 0 0 33 0 4.4 1 TAddSub
33 33 33 30 0 0 33 0 4.4 1 TAddSub
34 34 34 5 0 0 34 0 4.42 1 TAddSub
34 34 34 5 0 0 34 0 4.42 1 TAddSub
34 34 34 6 0 0 34 0 4.42 1 TAddSub
34 34 34 6 0 0 34 0 4.42 1 TAddSub
34 34 34 7 0 0 34 0 4.42 1 TAddSub
34 34 34 7 0 0 34 0 4.42 1 TAddSub
34 34 34 8 0 0 34 0 4.42 1 TAddSub
34 34 34 8 0 0 34 0 4.42 1 TAddSub
34 34 34 9 0 0 34 0 4.42 1 TAddSub
34 34 34 9 0 0 34 0 4.42 1 TAddSub
34 34 34 10 0 0 34 0 4.42 1 TAddSub
34 34 34 10 0 0 34 0 4.42 1 TAddSub
34 34 34 12.5 0 0 34 0 4.42 1 TAddSub
34 34 34 12.5 0 0 34 0 4.42 1 TAddSub
34 34 34 15 0 0 34 0 4.42 1 TAddSub
34 34 34 15 0 0 34 0 4.42 1 TAddSub
34 34 34 16 0 0 34 0 4.42 1 TAddSub
34 34 34 16 0 0 34 0 4.42 1 TAddSub
34 34 34 17.5 0 0 34 0 4.42 1 TAddSub
34 34 34 17.5 0 0 34 0 4.42 1 TAddSub
34 34 34 20 0 0 34 0 4.42 1 TAddSub
34 34 34 20 0 0 34 0 4.42 1 TAddSub
34 34 34 25 0 0 34 0 4.42 1 TAddSub
34 34 34 25 0 0 34 0 4.42 1 TAddSub
34 34 34 30 0 0 34 0 4.42 1 TAddSub
34 34 34 30 0 0 34 0 4.42 1 TAddSub
35 35 35 5 0 0 35 0 4.45 1 TAddSub
35 35 35 5 0 0 35 0 4.45 1 TAddSub
35 35 35 6 0 0 35 0 4.45 1 TAddSub
35 35 35 6 0 0 35 0 4.45 1 TAddSub
35 35 35 7 0 0 35 0 4.45 1 TAddSub
35 35 35 7 0 0 35 0 4.45 1 TAddSub
35 35 35 8 0 0 35 0 4.45 1 TAddSub
35 35 35 8 0 0 35 0 4.45 1 TAddSub
35 35 35 9 0 0 35 0 4.45 1 TAddSub
35 35 35 9 0 0 35 0 4.45 1 TAddSub
35 35 35 10 0 0 35 0 4.45 1 TAddSub
35 35 35 10 0 0 35 0 4.45 1 TAddSub
35 35 35 12.5 0 0 35 0 4.45 1 TAddSub
35 35 35 12.5 0 0 35 0 4.45 1 TAddSub
35 35 35 15 0 0 35 0 4.45 1 TAddSub
35 35 35 15 0 0 35 0 4.45 1 TAddSub
35 35 35 16 0 0 35 0 4.45 1 TAddSub
35 35 35 16 0 0 35 0 4.45 1 TAddSub
35 35 35 17.5 0 0 35 0 4.45 1 TAddSub
35 35 35 17.5 0 0 35 0 4.45 1 TAddSub
35 35 35 20 0 0 35 0 4.45 1 TAddSub
35 35 35 20 0 0 35 0 4.45 1 TAddSub
35 35 35 25 0 0 35 0 4.45 1 TAddSub
35 35 35 25 0 0 35 0 4.45 1 TAddSub
35 35 35 30 0 0 35 0 4.45 1 TAddSub
35 35 35 30 0 0 35 0 4.45 1 TAddSub
36 36 36 5 0 0 36 0 4.48 1 TAddSub
36 36 36 5 0 0 36 0 4.48 1 TAddSub
36 36 36 6 0 0 36 0 4.48 1 TAddSub
36 36 36 6 0 0 36 0 4.48 1 TAddSub
36 36 36 7 0 0 36 0 4.48 1 TAddSub
36 36 36 7 0 0 36 0 4.48 1 TAddSub
36 36 36 8 0 0 36 0 4.48 1 TAddSub
36 36 36 8 0 0 36 0 4.48 1 TAddSub
36 36 36 9 0 0 36 0 4.48 1 TAddSub
36 36 36 9 0 0 36 0 4.48 1 TAddSub
36 36 36 10 0 0 36 0 4.48 1 TAddSub
36 36 36 10 0 0 36 0 4.48 1 TAddSub
36 36 36 12.5 0 0 36 0 4.48 1 TAddSub
36 36 36 12.5 0 0 36 0 4.48 1 TAddSub
36 36 36 15 0 0 36 0 4.48 1 TAddSub
36 36 36 15 0 0 36 0 4.48 1 TAddSub
36 36 36 16 0 0 36 0 4.48 1 TAddSub
36 36 36 16 0 0 36 0 4.48 1 TAddSub
36 36 36 17.5 0 0 36 0 4.48 1 TAddSub
36 36 36 17.5 0 0 36 0 4.48 1 TAddSub
36 36 36 20 0 0 36 0 4.48 1 TAddSub
36 36 36 20 0 0 36 0 4.48 1 TAddSub
36 36 36 25 0 0 36 0 4.48 1 TAddSub
36 36 36 25 0 0 36 0 4.48 1 TAddSub
36 36 36 30 0 0 36 0 4.48 1 TAddSub
36 36 36 30 0 0 36 0 4.48 1 TAddSub
37 37 37 5 0 0 37 0 4.51 1 TAddSub
37 37 37 5 0 0 37 0 4.51 1 TAddSub
37 37 37 6 0 0 37 0 4.51 1 TAddSub
37 37 37 6 0 0 37 0 4.51 1 TAddSub
37 37 37 7 0 0 37 0 4.51 1 TAddSub
37 37 37 7 0 0 37 0 4.51 1 TAddSub
37 37 37 8 0 0 37 0 4.51 1 TAddSub
37 37 37 8 0 0 37 0 4.51 1 TAddSub
37 37 37 9 0 0 37 0 4.51 1 TAddSub
37 37 37 9 0 0 37 0 4.51 1 TAddSub
37 37 37 10 0 0 37 0 4.51 1 TAddSub
37 37 37 10 0 0 37 0 4.51 1 TAddSub
37 37 37 12.5 0 0 37 0 4.51 1 TAddSub
37 37 37 12.5 0 0 37 0 4.51 1 TAddSub
37 37 37 15 0 0 37 0 4.51 1 TAddSub
37 37 37 15 0 0 37 0 4.51 1 TAddSub
37 37 37 16 0 0 37 0 4.51 1 TAddSub
37 37 37 16 0 0 37 0 4.51 1 TAddSub
37 37 37 17.5 0 0 37 0 4.51 1 TAddSub
37 37 37 17.5 0 0 37 0 4.51 1 TAddSub
37 37 37 20 0 0 37 0 4.51 1 TAddSub
37 37 37 20 0 0 37 0 4.51 1 TAddSub
37 37 37 25 0 0 37 0 4.51 1 TAddSub
37 37 37 25 0 0 37 0 4.51 1 TAddSub
37 37 37 30 0 0 37 0 4.51 1 TAddSub
37 37 37 30 0 0 37 0 4.51 1 TAddSub
38 38 38 5 0 0 38 0 4.54 1 TAddSub
38 38 38 5 0 0 38 0 4.54 1 TAddSub
38 38 38 6 0 0 38 0 4.54 1 TAddSub
38 38 38 6 0 0 38 0 4.54 1 TAddSub
38 38 38 7 0 0 38 0 4.54 1 TAddSub
38 38 38 7 0 0 38 0 4.54 1 TAddSub
38 38 38 8 0 0 38 0 4.54 1 TAddSub
38 38 38 8 0 0 38 0 4.54 1 TAddSub
38 38 38 9 0 0 38 0 4.54 1 TAddSub
38 38 38 9 0 0 38 0 4.54 1 TAddSub
38 38 38 10 0 0 38 0 4.54 1 TAddSub
38 38 38 10 0 0 38 0 4.54 1 TAddSub
38 38 38 12.5 0 0 38 0 4.54 1 TAddSub
38 38 38 12.5 0 0 38 0 4.54 1 TAddSub
38 38 38 15 0 0 38 0 4.54 1 TAddSub
38 38 38 15 0 0 38 0 4.54 1 TAddSub
38 38 38 16 0 0 38 0 4.54 1 TAddSub
38 38 38 16 0 0 38 0 4.54 1 TAddSub
38 38 38 17.5 0 0 38 0 4.54 1 TAddSub
38 38 38 17.5 0 0 38 0 4.54 1 TAddSub
38 38 38 20 0 0 38 0 4.54 1 TAddSub
38 38 38 20 0 0 38 0 4.54 1 TAddSub
38 38 38 25 0 0 38 0 4.54 1 TAddSub
38 38 38 25 0 0 38 0 4.54 1 TAddSub
38 38 38 30 0 0 38 0 4.54 1 TAddSub
38 38 38 30 0 0 38 0 4.54 1 TAddSub
39 39 39 5 0 0 39 0 4.57 1 TAddSub
39 39 39 5 0 0 39 0 4.57 1 TAddSub
39 39 39 6 0 0 39 0 4.57 1 TAddSub
39 39 39 6 0 0 39 0 4.57 1 TAddSub
39 39 39 7 0 0 39 0 4.57 1 TAddSub
39 39 39 7 0 0 39 0 4.57 1 TAddSub
39 39 39 8 0 0 39 0 4.57 1 TAddSub
39 39 39 8 0 0 39 0 4.57 1 TAddSub
39 39 39 9 0 0 39 0 4.57 1 TAddSub
39 39 39 9 0 0 39 0 4.57 1 TAddSub
39 39 39 10 0 0 39 0 4.57 1 TAddSub
39 39 39 10 0 0 39 0 4.57 1 TAddSub
39 39 39 12.5 0 0 39 0 4.57 1 TAddSub
39 39 39 12.5 0 0 39 0 4.57 1 TAddSub
39 39 39 15 0 0 39 0 4.57 1 TAddSub
39 39 39 15 0 0 39 0 4.57 1 TAddSub
39 39 39 16 0 0 39 0 4.57 1 TAddSub
39 39 39 16 0 0 39 0 4.57 1 TAddSub
39 39 39 17.5 0 0 39 0 4.57 1 TAddSub
39 39 39 17.5 0 0 39 0 4.57 1 TAddSub
39 39 39 20 0 0 39 0 4.57 1 TAddSub
39 39 39 20 0 0 39 0 4.57 1 TAddSub
39 39 39 25 0 0 39 0 4.57 1 TAddSub
39 39 39 25 0 0 39 0 4.57 1 TAddSub
39 39 39 30 0 0 39 0 4.57 1 TAddSub
39 39 39 30 0 0 39 0 4.57 1 TAddSub
40 40 40 5 0 0 40 0 4.6 1 TAddSub
40 40 40 5 0 0 40 0 4.6 1 TAddSub
40 40 40 6 0 0 40 0 4.6 1 TAddSub
40 40 40 6 0 0 40 0 4.6 1 TAddSub
40 40 40 7 0 0 40 0 4.6 1 TAddSub
40 40 40 7 0 0 40 0 4.6 1 TAddSub
40 40 40 8 0 0 40 0 4.6 1 TAddSub
40 40 40 8 0 0 40 0 4.6 1 TAddSub
40 40 40 9 0 0 40 0 4.6 1 TAddSub
40 40 40 9 0 0 40 0 4.6 1 TAddSub
40 40 40 10 0 0 40 0 4.6 1 TAddSub
40 40 40 10 0 0 40 0 4.6 1 TAddSub
40 40 40 12.5 0 0 40 0 4.6 1 TAddSub
40 40 40 12.5 0 0 40 0 4.6 1 TAddSub
40 40 40 15 0 0 40 0 4.6 1 TAddSub
40 40 40 15 0 0 40 0 4.6 1 TAddSub
40 40 40 16 0 0 40 0 4.6 1 TAddSub
40 40 40 16 0 0 40 0 4.6 1 TAddSub
40 40 40 17.5 0 0 40 0 4.6 1 TAddSub
40 40 40 17.5 0 0 40 0 4.6 1 TAddSub
40 40 40 20 0 0 40 0 4.6 1 TAddSub
40 40 40 20 0 0 40 0 4.6 1 TAddSub
40 40 40 25 0 0 40 0 4.6 1 TAddSub
40 40 40 25 0 0 40 0 4.6 1 TAddSub
40 40 40 30 0 0 40 0 4.6 1 TAddSub
40 40 40 30 0 0 40 0 4.6 1 TAddSub
41 41 41 5 0 0 41 0 4.64 1 TAddSub
41 41 41 5 0 0 41 0 4.64 1 TAddSub
41 41 41 6 0 0 41 0 4.64 1 TAddSub
41 41 41 6 0 0 41 0 4.64 1 TAddSub
41 41 41 7 0 0 41 0 4.64 1 TAddSub
41 41 41 7 0 0 41 0 4.64 1 TAddSub
41 41 41 8 0 0 41 0 4.64 1 TAddSub
41 41 41 8 0 0 41 0 4.64 1 TAddSub
41 41 41 9 0 0 41 0 4.64 1 TAddSub
41 41 41 9 0 0 41 0 4.64 1 TAddSub
41 41 41 10 0 0 41 0 4.64 1 TAddSub
41 41 41 10 0 0 41 0 4.64 1 TAddSub
41 41 41 12.5 0 0 41 0 4.64 1 TAddSub
41 41 41 12.5 0 0 41 0 4.64 1 TAddSub
41 41 41 15 0 0 41 0 4.64 1 TAddSub
41 41 41 15 0 0 41 0 4.64 1 TAddSub
41 41 41 16 0 0 41 0 4.64 1 TAddSub
41 41 41 16 0 0 41 0 4.64 1 TAddSub
41 41 41 17.5 0 0 41 0 4.64 1 TAddSub
41 41 41 17.5 0 0 41 0 4.64 1 TAddSub
41 41 41 20 0 0 41 0 4.64 1 TAddSub
41 41 41 20 0 0 41 0 4.64 1 TAddSub
41 41 41 25 0 0 41 0 4.64 1 TAddSub
41 41 41 25 0 0 41 0 4.64 1 TAddSub
41 41 41 30 0 0 41 0 4.64 1 TAddSub
41 41 41 30 0 0 41 0 4.64 1 TAddSub
42 42 42 5 0 0 42 0 4.67 1 TAddSub
42 42 42 5 0 0 42 0 4.67 1 TAddSub
42 42 42 6 0 0 42 0 4.67 1 TAddSub
42 42 42 6 0 0 42 0 4.67 1 TAddSub
42 42 42 7 0 0 42 0 4.67 1 TAddSub
42 42 42 7 0 0 42 0 4.67 1 TAddSub
42 42 42 8 0 0 42 0 4.67 1 TAddSub
42 42 42 8 0 0 42 0 4.67 1 TAddSub
42 42 42 9 0 0 42 0 4.67 1 TAddSub
42 42 42 9 0 0 42 0 4.67 1 TAddSub
42 42 42 10 0 0 42 0 4.67 1 TAddSub
42 42 42 10 0 0 42 0 4.67 1 TAddSub
42 42 42 12.5 0 0 42 0 4.67 1 TAddSub
42 42 42 12.5 0 0 42 0 4.67 1 TAddSub
42 42 42 15 0 0 42 0 4.67 1 TAddSub
42 42 42 15 0 0 42 0 4.67 1 TAddSub
42 42 42 16 0 0 42 0 4.67 1 TAddSub
42 42 42 16 0 0 42 0 4.67 1 TAddSub
42 42 42 17.5 0 0 42 0 4.67 1 TAddSub
42 42 42 17.5 0 0 42 0 4.67 1 TAddSub
42 42 42 20 0 0 42 0 4.67 1 TAddSub
42 42 42 20 0 0 42 0 4.67 1 TAddSub
42 42 42 25 0 0 42 0 4.67 1 TAddSub
42 42 42 25 0 0 42 0 4.67 1 TAddSub
42 42 42 30 0 0 42 0 4.67 1 TAddSub
42 42 42 30 0 0 42 0 4.67 1 TAddSub
43 43 43 5 0 0 43 0 4.71 1 TAddSub
43 43 43 5 0 0 43 0 4.71 1 TAddSub
43 43 43 6 0 0 43 0 4.71 1 TAddSub
43 43 43 6 0 0 43 0 4.71 1 TAddSub
43 43 43 7 0 0 43 0 4.71 1 TAddSub
43 43 43 7 0 0 43 0 4.71 1 TAddSub
43 43 43 8 0 0 43 0 4.71 1 TAddSub
43 43 43 8 0 0 43 0 4.71 1 TAddSub
43 43 43 9 0 0 43 0 4.71 1 TAddSub
43 43 43 9 0 0 43 0 4.71 1 TAddSub
43 43 43 10 0 0 43 0 4.71 1 TAddSub
43 43 43 10 0 0 43 0 4.71 1 TAddSub
43 43 43 12.5 0 0 43 0 4.71 1 TAddSub
43 43 43 12.5 0 0 43 0 4.71 1 TAddSub
43 43 43 15 0 0 43 0 4.71 1 TAddSub
43 43 43 15 0 0 43 0 4.71 1 TAddSub
43 43 43 16 0 0 43 0 4.71 1 TAddSub
43 43 43 16 0 0 43 0 4.71 1 TAddSub
43 43 43 17.5 0 0 43 0 4.71 1 TAddSub
43 43 43 17.5 0 0 43 0 4.71 1 TAddSub
43 43 43 20 0 0 43 0 4.71 1 TAddSub
43 43 43 20 0 0 43 0 4.71 1 TAddSub
43 43 43 25 0 0 43 0 4.71 1 TAddSub
43 43 43 25 0 0 43 0 4.71 1 TAddSub
43 43 43 30 0 0 43 0 4.71 1 TAddSub
43 43 43 30 0 0 43 0 4.71 1 TAddSub
44 44 44 5 0 0 44 0 4.74 1 TAddSub
44 44 44 5 0 0 44 0 4.74 1 TAddSub
44 44 44 6 0 0 44 0 4.74 1 TAddSub
44 44 44 6 0 0 44 0 4.74 1 TAddSub
44 44 44 7 0 0 44 0 4.74 1 TAddSub
44 44 44 7 0 0 44 0 4.74 1 TAddSub
44 44 44 8 0 0 44 0 4.74 1 TAddSub
44 44 44 8 0 0 44 0 4.74 1 TAddSub
44 44 44 9 0 0 44 0 4.74 1 TAddSub
44 44 44 9 0 0 44 0 4.74 1 TAddSub
44 44 44 10 0 0 44 0 4.74 1 TAddSub
44 44 44 10 0 0 44 0 4.74 1 TAddSub
44 44 44 12.5 0 0 44 0 4.74 1 TAddSub
44 44 44 12.5 0 0 44 0 4.74 1 TAddSub
44 44 44 15 0 0 44 0 4.74 1 TAddSub
44 44 44 15 0 0 44 0 4.74 1 TAddSub
44 44 44 16 0 0 44 0 4.74 1 TAddSub
44 44 44 16 0 0 44 0 4.74 1 TAddSub
44 44 44 17.5 0 0 44 0 4.74 1 TAddSub
44 44 44 17.5 0 0 44 0 4.74 1 TAddSub
44 44 44 20 0 0 44 0 4.74 1 TAddSub
44 44 44 20 0 0 44 0 4.74 1 TAddSub
44 44 44 25 0 0 44 0 4.74 1 TAddSub
44 44 44 25 0 0 44 0 4.74 1 TAddSub
44 44 44 30 0 0 44 0 4.74 1 TAddSub
44 44 44 30 0 0 44 0 4.74 1 TAddSub
45 45 45 5 0 0 45 0 4.78 1 TAddSub
45 45 45 5 0 0 45 0 4.78 1 TAddSub
45 45 45 6 0 0 45 0 4.78 1 TAddSub
45 45 45 6 0 0 45 0 4.78 1 TAddSub
45 45 45 7 0 0 45 0 4.78 1 TAddSub
45 45 45 7 0 0 45 0 4.78 1 TAddSub
45 45 45 8 0 0 45 0 4.78 1 TAddSub
45 45 45 8 0 0 45 0 4.78 1 TAddSub
45 45 45 9 0 0 45 0 4.78 1 TAddSub
45 45 45 9 0 0 45 0 4.78 1 TAddSub
45 45 45 10 0 0 45 0 4.78 1 TAddSub
45 45 45 10 0 0 45 0 4.78 1 TAddSub
45 45 45 12.5 0 0 45 0 4.78 1 TAddSub
45 45 45 12.5 0 0 45 0 4.78 1 TAddSub
45 45 45 15 0 0 45 0 4.78 1 TAddSub
45 45 45 15 0 0 45 0 4.78 1 TAddSub
45 45 45 16 0 0 45 0 4.78 1 TAddSub
45 45 45 16 0 0 45 0 4.78 1 TAddSub
45 45 45 17.5 0 0 45 0 4.78 1 TAddSub
45 45 45 17.5 0 0 45 0 4.78 1 TAddSub
45 45 45 20 0 0 45 0 4.78 1 TAddSub
45 45 45 20 0 0 45 0 4.78 1 TAddSub
45 45 45 25 0 0 45 0 4.78 1 TAddSub
45 45 45 25 0 0 45 0 4.78 1 TAddSub
45 45 45 30 0 0 45 0 4.78 1 TAddSub
45 45 45 30 0 0 45 0 4.78 1 TAddSub
46 46 46 5 0 0 46 0 4.81 1 TAddSub
46 46 46 5 0 0 46 0 4.81 1 TAddSub
46 46 46 6 0 0 46 0 4.81 1 TAddSub
46 46 46 6 0 0 46 0 4.81 1 TAddSub
46 46 46 7 0 0 46 0 4.81 1 TAddSub
46 46 46 7 0 0 46 0 4.81 1 TAddSub
46 46 46 8 0 0 46 0 4.81 1 TAddSub
46 46 46 8 0 0 46 0 4.81 1 TAddSub
46 46 46 9 0 0 46 0 4.81 1 TAddSub
46 46 46 9 0 0 46 0 4.81 1 TAddSub
46 46 46 10 0 0 46 0 4.81 1 TAddSub
46 46 46 10 0 0 46 0 4.81 1 TAddSub
46 46 46 12.5 0 0 46 0 4.81 1 TAddSub
46 46 46 12.5 0 0 46 0 4.81 1 TAddSub
46 46 46 15 0 0 46 0 4.81 1 TAddSub
46 46 46 15 0 0 46 0 4.81 1 TAddSub
46 46 46 16 0 0 46 0 4.81 1 TAddSub
46 46 46 16 0 0 46 0 4.81 1 TAddSub
46 46 46 17.5 0 0 46 0 4.81 1 TAddSub
46 46 46 17.5 0 0 46 0 4.81 1 TAddSub
46 46 46 20 0 0 46 0 4.81 1 TAddSub
46 46 46 20 0 0 46 0 4.81 1 TAddSub
46 46 46 25 0 0 46 0 4.81 1 TAddSub
46 46 46 25 0 0 46 0 4.81 1 TAddSub
46 46 46 30 0 0 46 0 4.81 1 TAddSub
46 46 46 30 0 0 46 0 4.81 1 TAddSub
47 47 47 5 0 0 47 0 4.85 1 TAddSub
47 47 47 5 0 0 47 0 4.85 1 TAddSub
47 47 47 6 0 0 47 0 4.85 1 TAddSub
47 47 47 6 0 0 47 0 4.85 1 TAddSub
47 47 47 7 0 0 47 0 4.85 1 TAddSub
47 47 47 7 0 0 47 0 4.85 1 TAddSub
47 47 47 8 0 0 47 0 4.85 1 TAddSub
47 47 47 8 0 0 47 0 4.85 1 TAddSub
47 47 47 9 0 0 47 0 4.85 1 TAddSub
47 47 47 9 0 0 47 0 4.85 1 TAddSub
47 47 47 10 0 0 47 0 4.85 1 TAddSub
47 47 47 10 0 0 47 0 4.85 1 TAddSub
47 47 47 12.5 0 0 47 0 4.85 1 TAddSub
47 47 47 12.5 0 0 47 0 4.85 1 TAddSub
47 47 47 15 0 0 47 0 4.85 1 TAddSub
47 47 47 15 0 0 47 0 4.85 1 TAddSub
47 47 47 16 0 0 47 0 4.85 1 TAddSub
47 47 47 16 0 0 47 0 4.85 1 TAddSub
47 47 47 17.5 0 0 47 0 4.85 1 TAddSub
47 47 47 17.5 0 0 47 0 4.85 1 TAddSub
47 47 47 20 0 0 47 0 4.85 1 TAddSub
47 47 47 20 0 0 47 0 4.85 1 TAddSub
47 47 47 25 0 0 47 0 4.85 1 TAddSub
47 47 47 25 0 0 47 0 4.85 1 TAddSub
47 47 47 30 0 0 47 0 4.85 1 TAddSub
47 47 47 30 0 0 47 0 4.85 1 TAddSub
48 48 48 5 0 0 48 0 4.88 1 TAddSub
48 48 48 5 0 0 48 0 4.88 1 TAddSub
48 48 48 6 0 0 48 0 4.88 1 TAddSub
48 48 48 6 0 0 48 0 4.88 1 TAddSub
48 48 48 7 0 0 48 0 4.88 1 TAddSub
48 48 48 7 0 0 48 0 4.88 1 TAddSub
48 48 48 8 0 0 48 0 4.88 1 TAddSub
48 48 48 8 0 0 48 0 4.88 1 TAddSub
48 48 48 9 0 0 48 0 4.88 1 TAddSub
48 48 48 9 0 0 48 0 4.88 1 TAddSub
48 48 48 10 0 0 48 0 4.88 1 TAddSub
48 48 48 10 0 0 48 0 4.88 1 TAddSub
48 48 48 12.5 0 0 48 0 4.88 1 TAddSub
48 48 48 12.5 0 0 48 0 4.88 1 TAddSub
48 48 48 15 0 0 48 0 4.88 1 TAddSub
48 48 48 15 0 0 48 0 4.88 1 TAddSub
48 48 48 16 0 0 48 0 4.88 1 TAddSub
48 48 48 16 0 0 48 0 4.88 1 TAddSub
48 48 48 17.5 0 0 48 0 4.88 1 TAddSub
48 48 48 17.5 0 0 48 0 4.88 1 TAddSub
48 48 48 20 0 0 48 0 4.88 1 TAddSub
48 48 48 20 0 0 48 0 4.88 1 TAddSub
48 48 48 25 0 0 48 0 4.88 1 TAddSub
48 48 48 25 0 0 48 0 4.88 1 TAddSub
48 48 48 30 0 0 48 0 4.88 1 TAddSub
48 48 48 30 0 0 48 0 4.88 1 TAddSub
49 49 49 5 0 0 49 0 4.92 1 TAddSub
49 49 49 5 0 0 49 0 4.92 1 TAddSub
49 49 49 6 0 0 49 0 4.92 1 TAddSub
49 49 49 6 0 0 49 0 4.92 1 TAddSub
49 49 49 7 0 0 49 0 4.92 1 TAddSub
49 49 49 7 0 0 49 0 4.92 1 TAddSub
49 49 49 8 0 0 49 0 4.92 1 TAddSub
49 49 49 8 0 0 49 0 4.92 1 TAddSub
49 49 49 9 0 0 49 0 4.92 1 TAddSub
49 49 49 9 0 0 49 0 4.92 1 TAddSub
49 49 49 10 0 0 49 0 4.92 1 TAddSub
49 49 49 10 0 0 49 0 4.92 1 TAddSub
49 49 49 12.5 0 0 49 0 4.92 1 TAddSub
49 49 49 12.5 0 0 49 0 4.92 1 TAddSub
49 49 49 15 0 0 49 0 4.92 1 TAddSub
49 49 49 15 0 0 49 0 4.92 1 TAddSub
49 49 49 16 0 0 49 0 4.92 1 TAddSub
49 49 49 16 0 0 49 0 4.92 1 TAddSub
49 49 49 17.5 0 0 49 0 4.92 1 TAddSub
49 49 49 17.5 0 0 49 0 4.92 1 TAddSub
49 49 49 20 0 0 49 0 4.92 1 TAddSub
49 49 49 20 0 0 49 0 4.92 1 TAddSub
49 49 49 25 0 0 49 0 4.92 1 TAddSub
49 49 49 25 0 0 49 0 4.92 1 TAddSub
49 49 49 30 0 0 49 0 4.92 1 TAddSub
49 49 49 30 0 0 49 0 4.92 1 TAddSub
50 50 50 5 0 0 50 0 4.95 1 TAddSub
50 50 50 5 0 0 50 0 4.95 1 TAddSub
50 50 50 6 0 0 50 0 4.95 1 TAddSub
50 50 50 6 0 0 50 0 4.95 1 TAddSub
50 50 50 7 0 0 50 0 4.95 1 TAddSub
50 50 50 7 0 0 50 0 4.95 1 TAddSub
50 50 50 8 0 0 50 0 4.95 1 TAddSub
50 50 50 8 0 0 50 0 4.95 1 TAddSub
50 50 50 9 0 0 50 0 4.95 1 TAddSub
50 50 50 9 0 0 50 0 4.95 1 TAddSub
50 50 50 10 0 0 50 0 4.95 1 TAddSub
50 50 50 10 0 0 50 0 4.95 1 TAddSub
50 50 50 12.5 0 0 50 0 4.95 1 TAddSub
50 50 50 12.5 0 0 50 0 4.95 1 TAddSub
50 50 50 15 0 0 50 0 4.95 1 TAddSub
50 50 50 15 0 0 50 0 4.95 1 TAddSub
50 50 50 16 0 0 50 0 4.95 1 TAddSub
50 50 50 16 0 0 50 0 4.95 1 TAddSub
50 50 50 17.5 0 0 50 0 4.95 1 TAddSub
50 50 50 17.5 0 0 50 0 4.95 1 TAddSub
50 50 50 20 0 0 50 0 4.95 1 TAddSub
50 50 50 20 0 0 50 0 4.95 1 TAddSub
50 50 50 25 0 0 50 0 4.95 1 TAddSub
50 50 50 25 0 0 50 0 4.95 1 TAddSub
50 50 50 30 0 0 50 0 4.95 1 TAddSub
50 50 50 30 0 0 50 0 4.95 1 TAddSub
51 51 51 5 0 0 51 0 4.98 1 TAddSub
51 51 51 5 0 0 51 0 4.98 1 TAddSub
51 51 51 6 0 0 51 0 4.98 1 TAddSub
51 51 51 6 0 0 51 0 4.98 1 TAddSub
51 51 51 7 0 0 51 0 4.98 1 TAddSub
51 51 51 7 0 0 51 0 4.98 1 TAddSub
51 51 51 8 0 0 51 0 4.98 1 TAddSub
51 51 51 8 0 0 51 0 4.98 1 TAddSub
51 51 51 9 0 0 51 0 4.98 1 TAddSub
51 51 51 9 0 0 51 0 4.98 1 TAddSub
51 51 51 10 0 0 51 0 4.98 1 TAddSub
51 51 51 10 0 0 51 0 4.98 1 TAddSub
51 51 51 12.5 0 0 51 0 4.98 1 TAddSub
51 51 51 12.5 0 0 51 0 4.98 1 TAddSub
51 51 51 15 0 0 51 0 4.98 1 TAddSub
51 51 51 15 0 0 51 0 4.98 1 TAddSub
51 51 51 16 0 0 51 0 4.98 1 TAddSub
51 51 51 16 0 0 51 0 4.98 1 TAddSub
51 51 51 17.5 0 0 51 0 4.98 1 TAddSub
51 51 51 17.5 0 0 51 0 4.98 1 TAddSub
51 51 51 20 0 0 51 0 4.98 1 TAddSub
51 51 51 20 0 0 51 0 4.98 1 TAddSub
51 51 51 25 0 0 51 0 4.98 1 TAddSub
51 51 51 25 0 0 51 0 4.98 1 TAddSub
51 51 51 30 0 0 51 0 4.98 1 TAddSub
51 51 51 30 0 0 51 0 4.98 1 TAddSub
52 52 52 6 0 0 52 0 5.0 1 TAddSub
52 52 52 6 0 0 52 0 5.0 1 TAddSub
52 52 52 7 0 0 52 0 5.0 1 TAddSub
52 52 52 7 0 0 52 0 5.0 1 TAddSub
52 52 52 8 0 0 52 0 5.0 1 TAddSub
52 52 52 8 0 0 52 0 5.0 1 TAddSub
52 52 52 9 0 0 52 0 5.0 1 TAddSub
52 52 52 9 0 0 52 0 5.0 1 TAddSub
52 52 52 10 0 0 52 0 5.0 1 TAddSub
52 52 52 10 0 0 52 0 5.0 1 TAddSub
52 52 52 12.5 0 0 52 0 5.0 1 TAddSub
52 52 52 12.5 0 0 52 0 5.0 1 TAddSub
52 52 52 15 0 0 52 0 5.0 1 TAddSub
52 52 52 15 0 0 52 0 5.0 1 TAddSub
52 52 52 16 0 0 52 0 5.0 1 TAddSub
52 52 52 16 0 0 52 0 5.0 1 TAddSub
52 52 52 17.5 0 0 52 0 5.0 1 TAddSub
52 52 52 17.5 0 0 52 0 5.0 1 TAddSub
52 52 52 20 0 0 52 0 5.0 1 TAddSub
52 52 52 20 0 0 52 0 5.0 1 TAddSub
52 52 52 25 0 0 52 0 5.0 1 TAddSub
52 52 52 25 0 0 52 0 5.0 1 TAddSub
52 52 52 30 0 0 52 0 5.0 1 TAddSub
52 52 52 30 0 0 52 0 5.0 1 TAddSub
53 53 53 6 0 0 53 0 5.03 1 TAddSub
53 53 53 6 0 0 53 0 5.03 1 TAddSub
53 53 53 7 0 0 53 0 5.03 1 TAddSub
53 53 53 7 0 0 53 0 5.03 1 TAddSub
53 53 53 8 0 0 53 0 5.03 1 TAddSub
53 53 53 8 0 0 53 0 5.03 1 TAddSub
53 53 53 9 0 0 53 0 5.03 1 TAddSub
53 53 53 9 0 0 53 0 5.03 1 TAddSub
53 53 53 10 0 0 53 0 5.03 1 TAddSub
53 53 53 10 0 0 53 0 5.03 1 TAddSub
53 53 53 12.5 0 0 53 0 5.03 1 TAddSub
53 53 53 12.5 0 0 53 0 5.03 1 TAddSub
53 53 53 15 0 0 53 0 5.03 1 TAddSub
53 53 53 15 0 0 53 0 5.03 1 TAddSub
53 53 53 16 0 0 53 0 5.03 1 TAddSub
53 53 53 16 0 0 53 0 5.03 1 TAddSub
53 53 53 17.5 0 0 53 0 5.03 1 TAddSub
53 53 53 17.5 0 0 53 0 5.03 1 TAddSub
53 53 53 20 0 0 53 0 5.03 1 TAddSub
53 53 53 20 0 0 53 0 5.03 1 TAddSub
53 53 53 25 0 0 53 0 5.03 1 TAddSub
53 53 53 25 0 0 53 0 5.03 1 TAddSub
53 53 53 30 0 0 53 0 5.03 1 TAddSub
53 53 53 30 0 0 53 0 5.03 1 TAddSub
54 54 54 6 0 0 54 0 5.05 1 TAddSub
54 54 54 6 0 0 54 0 5.05 1 TAddSub
54 54 54 7 0 0 54 0 5.05 1 TAddSub
54 54 54 7 0 0 54 0 5.05 1 TAddSub
54 54 54 8 0 0 54 0 5.05 1 TAddSub
54 54 54 8 0 0 54 0 5.05 1 TAddSub
54 54 54 9 0 0 54 0 5.05 1 TAddSub
54 54 54 9 0 0 54 0 5.05 1 TAddSub
54 54 54 10 0 0 54 0 5.05 1 TAddSub
54 54 54 10 0 0 54 0 5.05 1 TAddSub
54 54 54 12.5 0 0 54 0 5.05 1 TAddSub
54 54 54 12.5 0 0 54 0 5.05 1 TAddSub
54 54 54 15 0 0 54 0 5.05 1 TAddSub
54 54 54 15 0 0 54 0 5.05 1 TAddSub
54 54 54 16 0 0 54 0 5.05 1 TAddSub
54 54 54 16 0 0 54 0 5.05 1 TAddSub
54 54 54 17.5 0 0 54 0 5.05 1 TAddSub
54 54 54 17.5 0 0 54 0 5.05 1 TAddSub
54 54 54 20 0 0 54 0 5.05 1 TAddSub
54 54 54 20 0 0 54 0 5.05 1 TAddSub
54 54 54 25 0 0 54 0 5.05 1 TAddSub
54 54 54 25 0 0 54 0 5.05 1 TAddSub
54 54 54 30 0 0 54 0 5.05 1 TAddSub
54 54 54 30 0 0 54 0 5.05 1 TAddSub
55 55 55 6 0 0 55 0 5.08 1 TAddSub
55 55 55 6 0 0 55 0 5.08 1 TAddSub
55 55 55 7 0 0 55 0 5.08 1 TAddSub
55 55 55 7 0 0 55 0 5.08 1 TAddSub
55 55 55 8 0 0 55 0 5.08 1 TAddSub
55 55 55 8 0 0 55 0 5.08 1 TAddSub
55 55 55 9 0 0 55 0 5.08 1 TAddSub
55 55 55 9 0 0 55 0 5.08 1 TAddSub
55 55 55 10 0 0 55 0 5.08 1 TAddSub
55 55 55 10 0 0 55 0 5.08 1 TAddSub
55 55 55 12.5 0 0 55 0 5.08 1 TAddSub
55 55 55 12.5 0 0 55 0 5.08 1 TAddSub
55 55 55 15 0 0 55 0 5.08 1 TAddSub
55 55 55 15 0 0 55 0 5.08 1 TAddSub
55 55 55 16 0 0 55 0 5.08 1 TAddSub
55 55 55 16 0 0 55 0 5.08 1 TAddSub
55 55 55 17.5 0 0 55 0 5.08 1 TAddSub
55 55 55 17.5 0 0 55 0 5.08 1 TAddSub
55 55 55 20 0 0 55 0 5.08 1 TAddSub
55 55 55 20 0 0 55 0 5.08 1 TAddSub
55 55 55 25 0 0 55 0 5.08 1 TAddSub
55 55 55 25 0 0 55 0 5.08 1 TAddSub
55 55 55 30 0 0 55 0 5.08 1 TAddSub
55 55 55 30 0 0 55 0 5.08 1 TAddSub
56 56 56 6 0 0 56 0 5.1 1 TAddSub
56 56 56 6 0 0 56 0 5.1 1 TAddSub
56 56 56 7 0 0 56 0 5.1 1 TAddSub
56 56 56 7 0 0 56 0 5.1 1 TAddSub
56 56 56 8 0 0 56 0 5.1 1 TAddSub
56 56 56 8 0 0 56 0 5.1 1 TAddSub
56 56 56 9 0 0 56 0 5.1 1 TAddSub
56 56 56 9 0 0 56 0 5.1 1 TAddSub
56 56 56 10 0 0 56 0 5.1 1 TAddSub
56 56 56 10 0 0 56 0 5.1 1 TAddSub
56 56 56 12.5 0 0 56 0 5.1 1 TAddSub
56 56 56 12.5 0 0 56 0 5.1 1 TAddSub
56 56 56 15 0 0 56 0 5.1 1 TAddSub
56 56 56 15 0 0 56 0 5.1 1 TAddSub
56 56 56 16 0 0 56 0 5.1 1 TAddSub
56 56 56 16 0 0 56 0 5.1 1 TAddSub
56 56 56 17.5 0 0 56 0 5.1 1 TAddSub
56 56 56 17.5 0 0 56 0 5.1 1 TAddSub
56 56 56 20 0 0 56 0 5.1 1 TAddSub
56 56 56 20 0 0 56 0 5.1 1 TAddSub
56 56 56 25 0 0 56 0 5.1 1 TAddSub
56 56 56 25 0 0 56 0 5.1 1 TAddSub
56 56 56 30 0 0 56 0 5.1 1 TAddSub
56 56 56 30 0 0 56 0 5.1 1 TAddSub
57 57 57 6 0 0 57 0 5.13 1 TAddSub
57 57 57 6 0 0 57 0 5.13 1 TAddSub
57 57 57 7 0 0 57 0 5.13 1 TAddSub
57 57 57 7 0 0 57 0 5.13 1 TAddSub
57 57 57 8 0 0 57 0 5.13 1 TAddSub
57 57 57 8 0 0 57 0 5.13 1 TAddSub
57 57 57 9 0 0 57 0 5.13 1 TAddSub
57 57 57 9 0 0 57 0 5.13 1 TAddSub
57 57 57 10 0 0 57 0 5.13 1 TAddSub
57 57 57 10 0 0 57 0 5.13 1 TAddSub
57 57 57 12.5 0 0 57 0 5.13 1 TAddSub
57 57 57 12.5 0 0 57 0 5.13 1 TAddSub
57 57 57 15 0 0 57 0 5.13 1 TAddSub
57 57 57 15 0 0 57 0 5.13 1 TAddSub
57 57 57 16 0 0 57 0 5.13 1 TAddSub
57 57 57 16 0 0 57 0 5.13 1 TAddSub
57 57 57 17.5 0 0 57 0 5.13 1 TAddSub
57 57 57 17.5 0 0 57 0 5.13 1 TAddSub
57 57 57 20 0 0 57 0 5.13 1 TAddSub
57 57 57 20 0 0 57 0 5.13 1 TAddSub
57 57 57 25 0 0 57 0 5.13 1 TAddSub
57 57 57 25 0 0 57 0 5.13 1 TAddSub
57 57 57 30 0 0 57 0 5.13 1 TAddSub
57 57 57 30 0 0 57 0 5.13 1 TAddSub
58 58 58 6 0 0 58 0 5.15 1 TAddSub
58 58 58 6 0 0 58 0 5.15 1 TAddSub
58 58 58 7 0 0 58 0 5.15 1 TAddSub
58 58 58 7 0 0 58 0 5.15 1 TAddSub
58 58 58 8 0 0 58 0 5.15 1 TAddSub
58 58 58 8 0 0 58 0 5.15 1 TAddSub
58 58 58 9 0 0 58 0 5.15 1 TAddSub
58 58 58 9 0 0 58 0 5.15 1 TAddSub
58 58 58 10 0 0 58 0 5.15 1 TAddSub
58 58 58 10 0 0 58 0 5.15 1 TAddSub
58 58 58 12.5 0 0 58 0 5.15 1 TAddSub
58 58 58 12.5 0 0 58 0 5.15 1 TAddSub
58 58 58 15 0 0 58 0 5.15 1 TAddSub
58 58 58 15 0 0 58 0 5.15 1 TAddSub
58 58 58 16 0 0 58 0 5.15 1 TAddSub
58 58 58 16 0 0 58 0 5.15 1 TAddSub
58 58 58 17.5 0 0 58 0 5.15 1 TAddSub
58 58 58 17.5 0 0 58 0 5.15 1 TAddSub
58 58 58 20 0 0 58 0 5.15 1 TAddSub
58 58 58 20 0 0 58 0 5.15 1 TAddSub
58 58 58 25 0 0 58 0 5.15 1 TAddSub
58 58 58 25 0 0 58 0 5.15 1 TAddSub
58 58 58 30 0 0 58 0 5.15 1 TAddSub
58 58 58 30 0 0 58 0 5.15 1 TAddSub
59 59 59 6 0 0 59 0 5.18 1 TAddSub
59 59 59 6 0 0 59 0 5.18 1 TAddSub
59 59 59 7 0 0 59 0 5.18 1 TAddSub
59 59 59 7 0 0 59 0 5.18 1 TAddSub
59 59 59 8 0 0 59 0 5.18 1 TAddSub
59 59 59 8 0 0 59 0 5.18 1 TAddSub
59 59 59 9 0 0 59 0 5.18 1 TAddSub
59 59 59 9 0 0 59 0 5.18 1 TAddSub
59 59 59 10 0 0 59 0 5.18 1 TAddSub
59 59 59 10 0 0 59 0 5.18 1 TAddSub
59 59 59 12.5 0 0 59 0 5.18 1 TAddSub
59 59 59 12.5 0 0 59 0 5.18 1 TAddSub
59 59 59 15 0 0 59 0 5.18 1 TAddSub
59 59 59 15 0 0 59 0 5.18 1 TAddSub
59 59 59 16 0 0 59 0 5.18 1 TAddSub
59 59 59 16 0 0 59 0 5.18 1 TAddSub
59 59 59 17.5 0 0 59 0 5.18 1 TAddSub
59 59 59 17.5 0 0 59 0 5.18 1 TAddSub
59 59 59 20 0 0 59 0 5.18 1 TAddSub
59 59 59 20 0 0 59 0 5.18 1 TAddSub
59 59 59 25 0 0 59 0 5.18 1 TAddSub
59 59 59 25 0 0 59 0 5.18 1 TAddSub
59 59 59 30 0 0 59 0 5.18 1 TAddSub
59 59 59 30 0 0 59 0 5.18 1 TAddSub
60 60 60 6 0 0 60 0 5.2 1 TAddSub
60 60 60 6 0 0 60 0 5.2 1 TAddSub
60 60 60 7 0 0 60 0 5.2 1 TAddSub
60 60 60 7 0 0 60 0 5.2 1 TAddSub
60 60 60 8 0 0 60 0 5.2 1 TAddSub
60 60 60 8 0 0 60 0 5.2 1 TAddSub
60 60 60 9 0 0 60 0 5.2 1 TAddSub
60 60 60 9 0 0 60 0 5.2 1 TAddSub
60 60 60 10 0 0 60 0 5.2 1 TAddSub
60 60 60 10 0 0 60 0 5.2 1 TAddSub
60 60 60 12.5 0 0 60 0 5.2 1 TAddSub
60 60 60 12.5 0 0 60 0 5.2 1 TAddSub
60 60 60 15 0 0 60 0 5.2 1 TAddSub
60 60 60 15 0 0 60 0 5.2 1 TAddSub
60 60 60 16 0 0 60 0 5.2 1 TAddSub
60 60 60 16 0 0 60 0 5.2 1 TAddSub
60 60 60 17.5 0 0 60 0 5.2 1 TAddSub
60 60 60 17.5 0 0 60 0 5.2 1 TAddSub
60 60 60 20 0 0 60 0 5.2 1 TAddSub
60 60 60 20 0 0 60 0 5.2 1 TAddSub
60 60 60 25 0 0 60 0 5.2 1 TAddSub
60 60 60 25 0 0 60 0 5.2 1 TAddSub
60 60 60 30 0 0 60 0 5.2 1 TAddSub
60 60 60 30 0 0 60 0 5.2 1 TAddSub
61 61 61 6 0 0 61 0 5.23 1 TAddSub
61 61 61 6 0 0 61 0 5.23 1 TAddSub
61 61 61 7 0 0 61 0 5.23 1 TAddSub
61 61 61 7 0 0 61 0 5.23 1 TAddSub
61 61 61 8 0 0 61 0 5.23 1 TAddSub
61 61 61 8 0 0 61 0 5.23 1 TAddSub
61 61 61 9 0 0 61 0 5.23 1 TAddSub
61 61 61 9 0 0 61 0 5.23 1 TAddSub
61 61 61 10 0 0 61 0 5.23 1 TAddSub
61 61 61 10 0 0 61 0 5.23 1 TAddSub
61 61 61 12.5 0 0 61 0 5.23 1 TAddSub
61 61 61 12.5 0 0 61 0 5.23 1 TAddSub
61 61 61 15 0 0 61 0 5.23 1 TAddSub
61 61 61 15 0 0 61 0 5.23 1 TAddSub
61 61 61 16 0 0 61 0 5.23 1 TAddSub
61 61 61 16 0 0 61 0 5.23 1 TAddSub
61 61 61 17.5 0 0 61 0 5.23 1 TAddSub
61 61 61 17.5 0 0 61 0 5.23 1 TAddSub
61 61 61 20 0 0 61 0 5.23 1 TAddSub
61 61 61 20 0 0 61 0 5.23 1 TAddSub
61 61 61 25 0 0 61 0 5.23 1 TAddSub
61 61 61 25 0 0 61 0 5.23 1 TAddSub
61 61 61 30 0 0 61 0 5.23 1 TAddSub
61 61 61 30 0 0 61 0 5.23 1 TAddSub
62 62 62 6 0 0 62 0 5.25 1 TAddSub
62 62 62 6 0 0 62 0 5.25 1 TAddSub
62 62 62 7 0 0 62 0 5.25 1 TAddSub
62 62 62 7 0 0 62 0 5.25 1 TAddSub
62 62 62 8 0 0 62 0 5.25 1 TAddSub
62 62 62 8 0 0 62 0 5.25 1 TAddSub
62 62 62 9 0 0 62 0 5.25 1 TAddSub
62 62 62 9 0 0 62 0 5.25 1 TAddSub
62 62 62 10 0 0 62 0 5.25 1 TAddSub
62 62 62 10 0 0 62 0 5.25 1 TAddSub
62 62 62 12.5 0 0 62 0 5.25 1 TAddSub
62 62 62 12.5 0 0 62 0 5.25 1 TAddSub
62 62 62 15 0 0 62 0 5.25 1 TAddSub
62 62 62 15 0 0 62 0 5.25 1 TAddSub
62 62 62 16 0 0 62 0 5.25 1 TAddSub
62 62 62 16 0 0 62 0 5.25 1 TAddSub
62 62 62 17.5 0 0 62 0 5.25 1 TAddSub
62 62 62 17.5 0 0 62 0 5.25 1 TAddSub
62 62 62 20 0 0 62 0 5.25 1 TAddSub
62 62 62 20 0 0 62 0 5.25 1 TAddSub
62 62 62 25 0 0 62 0 5.25 1 TAddSub
62 62 62 25 0 0 62 0 5.25 1 TAddSub
62 62 62 30 0 0 62 0 5.25 1 TAddSub
62 62 62 30 0 0 62 0 5.25 1 TAddSub
63 63 63 6 0 0 63 0 5.28 1 TAddSub
63 63 63 6 0 0 63 0 5.28 1 TAddSub
63 63 63 7 0 0 63 0 5.28 1 TAddSub
63 63 63 7 0 0 63 0 5.28 1 TAddSub
63 63 63 8 0 0 63 0 5.28 1 TAddSub
63 63 63 8 0 0 63 0 5.28 1 TAddSub
63 63 63 9 0 0 63 0 5.28 1 TAddSub
63 63 63 9 0 0 63 0 5.28 1 TAddSub
63 63 63 10 0 0 63 0 5.28 1 TAddSub
63 63 63 10 0 0 63 0 5.28 1 TAddSub
63 63 63 12.5 0 0 63 0 5.28 1 TAddSub
63 63 63 12.5 0 0 63 0 5.28 1 TAddSub
63 63 63 15 0 0 63 0 5.28 1 TAddSub
63 63 63 15 0 0 63 0 5.28 1 TAddSub
63 63 63 16 0 0 63 0 5.28 1 TAddSub
63 63 63 16 0 0 63 0 5.28 1 TAddSub
63 63 63 17.5 0 0 63 0 5.28 1 TAddSub
63 63 63 17.5 0 0 63 0 5.28 1 TAddSub
63 63 63 20 0 0 63 0 5.28 1 TAddSub
63 63 63 20 0 0 63 0 5.28 1 TAddSub
63 63 63 25 0 0 63 0 5.28 1 TAddSub
63 63 63 25 0 0 63 0 5.28 1 TAddSub
63 63 63 30 0 0 63 0 5.28 1 TAddSub
63 63 63 30 0 0 63 0 5.28 1 TAddSub
64 64 64 6 0 0 64 0 5.3 1 TAddSub
64 64 64 6 0 0 64 0 5.3 1 TAddSub
64 64 64 7 0 0 64 0 5.3 1 TAddSub
64 64 64 7 0 0 64 0 5.3 1 TAddSub
64 64 64 8 0 0 64 0 5.3 1 TAddSub
64 64 64 8 0 0 64 0 5.3 1 TAddSub
64 64 64 9 0 0 64 0 5.3 1 TAddSub
64 64 64 9 0 0 64 0 5.3 1 TAddSub
64 64 64 10 0 0 64 0 5.3 1 TAddSub
64 64 64 10 0 0 64 0 5.3 1 TAddSub
64 64 64 12.5 0 0 64 0 5.3 1 TAddSub
64 64 64 12.5 0 0 64 0 5.3 1 TAddSub
64 64 64 15 0 0 64 0 5.3 1 TAddSub
64 64 64 15 0 0 64 0 5.3 1 TAddSub
64 64 64 16 0 0 64 0 5.3 1 TAddSub
64 64 64 16 0 0 64 0 5.3 1 TAddSub
64 64 64 17.5 0 0 64 0 5.3 1 TAddSub
64 64 64 17.5 0 0 64 0 5.3 1 TAddSub
64 64 64 20 0 0 64 0 5.3 1 TAddSub
64 64 64 20 0 0 64 0 5.3 1 TAddSub
64 64 64 25 0 0 64 0 5.3 1 TAddSub
64 64 64 25 0 0 64 0 5.3 1 TAddSub
64 64 64 30 0 0 64 0 5.3 1 TAddSub
64 64 64 30 0 0 64 0 5.3 1 TAddSub
65 65 65 6 0 0 65 0 5.33 1 TAddSub
65 65 65 6 0 0 65 0 5.33 1 TAddSub
65 65 65 7 0 0 65 0 5.33 1 TAddSub
65 65 65 7 0 0 65 0 5.33 1 TAddSub
65 65 65 8 0 0 65 0 5.33 1 TAddSub
65 65 65 8 0 0 65 0 5.33 1 TAddSub
65 65 65 9 0 0 65 0 5.33 1 TAddSub
65 65 65 9 0 0 65 0 5.33 1 TAddSub
65 65 65 10 0 0 65 0 5.33 1 TAddSub
65 65 65 10 0 0 65 0 5.33 1 TAddSub
65 65 65 12.5 0 0 65 0 5.33 1 TAddSub
65 65 65 12.5 0 0 65 0 5.33 1 TAddSub
65 65 65 15 0 0 65 0 5.33 1 TAddSub
65 65 65 15 0 0 65 0 5.33 1 TAddSub
65 65 65 16 0 0 65 0 5.33 1 TAddSub
65 65 65 16 0 0 65 0 5.33 1 TAddSub
65 65 65 17.5 0 0 65 0 5.33 1 TAddSub
65 65 65 17.5 0 0 65 0 5.33 1 TAddSub
65 65 65 20 0 0 65 0 5.33 1 TAddSub
65 65 65 20 0 0 65 0 5.33 1 TAddSub
65 65 65 25 0 0 65 0 5.33 1 TAddSub
65 65 65 25 0 0 65 0 5.33 1 TAddSub
65 65 65 30 0 0 65 0 5.33 1 TAddSub
65 65 65 30 0 0 65 0 5.33 1 TAddSub