2 2 2 3 0 0 8 0 0.93 1 Cmp
2 2 2 3 0 0 8 0 0.93 1 Cmp
2 2 2 4 0 0 8 0 0.93 1 Cmp
2 2 2 4 0 0 8 0 0.93 1 Cmp
2 2 2 5 0 0 8 0 0.93 1 Cmp
2 2 2 5 0 0 8 0 0.93 1 Cmp
2 2 2 6 0 0 8 0 0.93 1 Cmp
2 2 2 6 0 0 8 0 0.93 1 Cmp
2 2 2 7 0 0 8 0 0.93 1 Cmp
2 2 2 7 0 0 8 0 0.93 1 Cmp
3 3 3 3 0 0 9 0 1.18 1 Cmp
3 3 3 3 0 0 9 0 1.18 1 Cmp
3 3 3 4 0 0 9 0 1.18 1 Cmp
3 3 3 4 0 0 9 0 1.18 1 Cmp
3 3 3 5 0 0 9 0 1.18 1 Cmp
3 3 3 5 0 0 9 0 1.18 1 Cmp
3 3 3 6 0 0 9 0 1.18 1 Cmp
3 3 3 6 0 0 9 0 1.18 1 Cmp
3 3 3 7 0 0 9 0 1.18 1 Cmp
3 3 3 7 0 0 9 0 1.18 1 Cmp
4 4 4 3 0 0 9 0 1.44 1 Cmp
4 4 4 3 0 0 9 0 1.44 1 Cmp
4 4 4 4 0 0 9 0 1.44 1 Cmp
4 4 4 4 0 0 9 0 1.44 1 Cmp
4 4 4 5 0 0 9 0 1.44 1 Cmp
4 4 4 5 0 0 9 0 1.44 1 Cmp
4 4 4 6 0 0 9 0 1.44 1 Cmp
4 4 4 6 0 0 9 0 1.44 1 Cmp
4 4 4 7 0 0 9 0 1.44 1 Cmp
4 4 4 7 0 0 9 0 1.44 1 Cmp
5 5 5 3 0 0 11 0 1.44 1 Cmp
5 5 5 3 0 0 11 0 1.44 1 Cmp
5 5 5 4 0 0 11 0 1.44 1 Cmp
5 5 5 4 0 0 11 0 1.44 1 Cmp
5 5 5 5 0 0 11 0 1.44 1 Cmp
5 5 5 5 0 0 11 0 1.44 1 Cmp
5 5 5 6 0 0 11 0 1.44 1 Cmp
5 5 5 6 0 0 11 0 1.44 1 Cmp
5 5 5 7 0 0 11 0 1.44 1 Cmp
5 5 5 7 0 0 11 0 1.44 1 Cmp
6 6 6 3 0 0 11 0 1.45 1 Cmp
6 6 6 3 0 0 11 0 1.45 1 Cmp
6 6 6 4 0 0 11 0 1.45 1 Cmp
6 6 6 4 0 0 11 0 1.45 1 Cmp
6 6 6 5 0 0 11 0 1.45 1 Cmp
6 6 6 5 0 0 11 0 1.45 1 Cmp
6 6 6 6 0 0 11 0 1.45 1 Cmp
6 6 6 6 0 0 11 0 1.45 1 Cmp
6 6 6 7 0 0 11 0 1.45 1 Cmp
6 6 6 7 0 0 11 0 1.45 1 Cmp
7 7 7 3 0 0 11 0 1.46 1 Cmp
7 7 7 3 0 0 11 0 1.46 1 Cmp
7 7 7 4 0 0 11 0 1.46 1 Cmp
7 7 7 4 0 0 11 0 1.46 1 Cmp
7 7 7 5 0 0 11 0 1.46 1 Cmp
7 7 7 5 0 0 11 0 1.46 1 Cmp
7 7 7 6 0 0 11 0 1.46 1 Cmp
7 7 7 6 0 0 11 0 1.46 1 Cmp
7 7 7 7 0 0 11 0 1.46 1 Cmp
7 7 7 7 0 0 11 0 1.46 1 Cmp
4 4 4 3 0 0 9 0 1.44 1 Cmp
4 4 4 3 0 0 9 0 1.44 1 Cmp
4 4 4 4 0 0 9 0 1.44 1 Cmp
4 4 4 4 0 0 9 0 1.44 1 Cmp
4 4 4 5 0 0 9 0 1.44 1 Cmp
4 4 4 5 0 0 9 0 1.44 1 Cmp
4 4 4 6 0 0 9 0 1.44 1 Cmp
4 4 4 6 0 0 9 0 1.44 1 Cmp
4 4 4 7 0 0 9 0 1.44 1 Cmp
4 4 4 7 0 0 9 0 1.44 1 Cmp
6 6 6 3 0 0 11 0 1.45 1 Cmp
6 6 6 3 0 0 11 0 1.45 1 Cmp
6 6 6 4 0 0 11 0 1.45 1 Cmp
6 6 6 4 0 0 11 0 1.45 1 Cmp
6 6 6 5 0 0 11 0 1.45 1 Cmp
6 6 6 5 0 0 11 0 1.45 1 Cmp
6 6 6 6 0 0 11 0 1.45 1 Cmp
6 6 6 6 0 0 11 0 1.45 1 Cmp
6 6 6 7 0 0 11 0 1.45 1 Cmp
6 6 6 7 0 0 11 0 1.45 1 Cmp
8 8 8 3 0 0 11 0 1.47 1 Cmp
8 8 8 3 0 0 11 0 1.47 1 Cmp
8 8 8 4 0 0 11 0 1.47 1 Cmp
8 8 8 4 0 0 11 0 1.47 1 Cmp
8 8 8 5 0 0 11 0 1.47 1 Cmp
8 8 8 5 0 0 11 0 1.47 1 Cmp
8 8 8 6 0 0 11 0 1.47 1 Cmp
8 8 8 6 0 0 11 0 1.47 1 Cmp
8 8 8 7 0 0 11 0 1.47 1 Cmp
8 8 8 7 0 0 11 0 1.47 1 Cmp
10 10 10 3 0 0 13 0 1.7 1 Cmp
10 10 10 3 0 0 13 0 1.7 1 Cmp
10 10 10 4 0 0 13 0 1.7 1 Cmp
10 10 10 4 0 0 13 0 1.7 1 Cmp
10 10 10 5 0 0 13 0 1.7 1 Cmp
10 10 10 5 0 0 13 0 1.7 1 Cmp
10 10 10 6 0 0 13 0 1.7 1 Cmp
10 10 10 6 0 0 13 0 1.7 1 Cmp
10 10 10 7 0 0 13 0 1.7 1 Cmp
10 10 10 7 0 0 13 0 1.7 1 Cmp
44 44 44 3 0 0 24 0 2.69 1 Cmp
44 44 44 3 0 0 24 0 2.69 1 Cmp
44 44 44 4 0 0 24 0 2.69 1 Cmp
44 44 44 4 0 0 24 0 2.69 1 Cmp
44 44 44 5 0 0 24 0 2.69 1 Cmp
44 44 44 5 0 0 24 0 2.69 1 Cmp
44 44 44 6 0 0 24 0 2.69 1 Cmp
44 44 44 6 0 0 24 0 2.69 1 Cmp
44 44 44 7 0 0 24 0 2.69 1 Cmp
44 44 44 7 0 0 24 0 2.69 1 Cmp
46 46 46 3 0 0 24 0 2.71 1 Cmp
46 46 46 3 0 0 24 0 2.71 1 Cmp
46 46 46 4 0 0 24 0 2.71 1 Cmp
46 46 46 4 0 0 24 0 2.71 1 Cmp
46 46 46 5 0 0 24 0 2.71 1 Cmp
46 46 46 5 0 0 24 0 2.71 1 Cmp
46 46 46 6 0 0 24 0 2.71 1 Cmp
46 46 46 6 0 0 24 0 2.71 1 Cmp
46 46 46 7 0 0 24 0 2.71 1 Cmp
46 46 46 7 0 0 24 0 2.71 1 Cmp
48 48 48 3 0 0 24 0 2.74 1 Cmp
48 48 48 3 0 0 24 0 2.74 1 Cmp
48 48 48 4 0 0 24 0 2.74 1 Cmp
48 48 48 4 0 0 24 0 2.74 1 Cmp
48 48 48 5 0 0 24 0 2.74 1 Cmp
48 48 48 5 0 0 24 0 2.74 1 Cmp
48 48 48 6 0 0 24 0 2.74 1 Cmp
48 48 48 6 0 0 24 0 2.74 1 Cmp
48 48 48 7 0 0 24 0 2.74 1 Cmp
48 48 48 7 0 0 24 0 2.74 1 Cmp
50 50 50 3 0 0 24 0 2.76 1 Cmp
50 50 50 3 0 0 24 0 2.76 1 Cmp
50 50 50 4 0 0 24 0 2.76 1 Cmp
50 50 50 4 0 0 24 0 2.76 1 Cmp
50 50 50 5 0 0 24 0 2.76 1 Cmp
50 50 50 5 0 0 24 0 2.76 1 Cmp
50 50 50 6 0 0 24 0 2.76 1 Cmp
50 50 50 6 0 0 24 0 2.76 1 Cmp
50 50 50 7 0 0 24 0 2.76 1 Cmp
50 50 50 7 0 0 24 0 2.76 1 Cmp
52 52 52 3 0 0 29 0 2.77 1 Cmp
52 52 52 3 0 0 29 0 2.77 1 Cmp
52 52 52 4 0 0 29 0 2.77 1 Cmp
52 52 52 4 0 0 29 0 2.77 1 Cmp
52 52 52 5 0 0 29 0 2.77 1 Cmp
52 52 52 5 0 0 29 0 2.77 1 Cmp
52 52 52 6 0 0 29 0 2.77 1 Cmp
52 52 52 6 0 0 29 0 2.77 1 Cmp
52 52 52 7 0 0 29 0 2.77 1 Cmp
52 52 52 7 0 0 29 0 2.77 1 Cmp
54 54 54 3 0 0 29 0 2.78 1 Cmp
54 54 54 3 0 0 29 0 2.78 1 Cmp
54 54 54 4 0 0 29 0 2.78 1 Cmp
54 54 54 4 0 0 29 0 2.78 1 Cmp
54 54 54 5 0 0 29 0 2.78 1 Cmp
54 54 54 5 0 0 29 0 2.78 1 Cmp
54 54 54 6 0 0 29 0 2.78 1 Cmp
54 54 54 6 0 0 29 0 2.78 1 Cmp
54 54 54 7 0 0 29 0 2.78 1 Cmp
54 54 54 7 0 0 29 0 2.78 1 Cmp
56 56 56 3 0 0 29 0 2.79 1 Cmp
56 56 56 3 0 0 29 0 2.79 1 Cmp
56 56 56 4 0 0 29 0 2.79 1 Cmp
56 56 56 4 0 0 29 0 2.79 1 Cmp
56 56 56 5 0 0 29 0 2.79 1 Cmp
56 56 56 5 0 0 29 0 2.79 1 Cmp
56 56 56 6 0 0 29 0 2.79 1 Cmp
56 56 56 6 0 0 29 0 2.79 1 Cmp
56 56 56 7 0 0 29 0 2.79 1 Cmp
56 56 56 7 0 0 29 0 2.79 1 Cmp
58 58 58 3 0 0 29 0 2.8 1 Cmp
58 58 58 3 0 0 29 0 2.8 1 Cmp
58 58 58 4 0 0 29 0 2.8 1 Cmp
58 58 58 4 0 0 29 0 2.8 1 Cmp
58 58 58 5 0 0 29 0 2.8 1 Cmp
58 58 58 5 0 0 29 0 2.8 1 Cmp
58 58 58 6 0 0 29 0 2.8 1 Cmp
58 58 58 6 0 0 29 0 2.8 1 Cmp
58 58 58 7 0 0 29 0 2.8 1 Cmp
58 58 58 7 0 0 29 0 2.8 1 Cmp
60 60 60 3 0 0 29 0 2.81 1 Cmp
60 60 60 3 0 0 29 0 2.81 1 Cmp
60 60 60 4 0 0 29 0 2.81 1 Cmp
60 60 60 4 0 0 29 0 2.81 1 Cmp
60 60 60 5 0 0 29 0 2.81 1 Cmp
60 60 60 5 0 0 29 0 2.81 1 Cmp
60 60 60 6 0 0 29 0 2.81 1 Cmp
60 60 60 6 0 0 29 0 2.81 1 Cmp
60 60 60 7 0 0 29 0 2.81 1 Cmp
60 60 60 7 0 0 29 0 2.81 1 Cmp
62 62 62 3 0 0 29 0 2.82 1 Cmp
62 62 62 3 0 0 29 0 2.82 1 Cmp
62 62 62 4 0 0 29 0 2.82 1 Cmp
62 62 62 4 0 0 29 0 2.82 1 Cmp
62 62 62 5 0 0 29 0 2.82 1 Cmp
62 62 62 5 0 0 29 0 2.82 1 Cmp
62 62 62 6 0 0 29 0 2.82 1 Cmp
62 62 62 6 0 0 29 0 2.82 1 Cmp
62 62 62 7 0 0 29 0 2.82 1 Cmp
62 62 62 7 0 0 29 0 2.82 1 Cmp
64 64 64 3 0 0 29 0 2.83 1 Cmp
64 64 64 3 0 0 29 0 2.83 1 Cmp
64 64 64 4 0 0 29 0 2.83 1 Cmp
64 64 64 4 0 0 29 0 2.83 1 Cmp
64 64 64 5 0 0 29 0 2.83 1 Cmp
64 64 64 5 0 0 29 0 2.83 1 Cmp
64 64 64 6 0 0 29 0 2.83 1 Cmp
64 64 64 6 0 0 29 0 2.83 1 Cmp
64 64 64 7 0 0 29 0 2.83 1 Cmp
64 64 64 7 0 0 29 0 2.83 1 Cmp
12 12 12 3 0 0 13 0 1.92 1 Cmp
12 12 12 3 0 0 13 0 1.92 1 Cmp
12 12 12 4 0 0 13 0 1.92 1 Cmp
12 12 12 4 0 0 13 0 1.92 1 Cmp
12 12 12 5 0 0 13 0 1.92 1 Cmp
12 12 12 5 0 0 13 0 1.92 1 Cmp
12 12 12 6 0 0 13 0 1.92 1 Cmp
12 12 12 6 0 0 13 0 1.92 1 Cmp
12 12 12 7 0 0 13 0 1.92 1 Cmp
12 12 12 7 0 0 13 0 1.92 1 Cmp
14 14 14 3 0 0 13 0 2.15 1 Cmp
14 14 14 3 0 0 13 0 2.15 1 Cmp
14 14 14 4 0 0 13 0 2.15 1 Cmp
14 14 14 4 0 0 13 0 2.15 1 Cmp
14 14 14 5 0 0 13 0 2.15 1 Cmp
14 14 14 5 0 0 13 0 2.15 1 Cmp
14 14 14 6 0 0 13 0 2.15 1 Cmp
14 14 14 6 0 0 13 0 2.15 1 Cmp
14 14 14 7 0 0 13 0 2.15 1 Cmp
14 14 14 7 0 0 13 0 2.15 1 Cmp
16 16 16 3 0 0 13 0 2.38 1 Cmp
16 16 16 3 0 0 13 0 2.38 1 Cmp
16 16 16 4 0 0 13 0 2.38 1 Cmp
16 16 16 4 0 0 13 0 2.38 1 Cmp
16 16 16 5 0 0 13 0 2.38 1 Cmp
16 16 16 5 0 0 13 0 2.38 1 Cmp
16 16 16 6 0 0 13 0 2.38 1 Cmp
16 16 16 6 0 0 13 0 2.38 1 Cmp
16 16 16 7 0 0 13 0 2.38 1 Cmp
16 16 16 7 0 0 13 0 2.38 1 Cmp
18 18 18 3 0 0 18 0 2.38 1 Cmp
18 18 18 3 0 0 18 0 2.38 1 Cmp
18 18 18 4 0 0 18 0 2.38 1 Cmp
18 18 18 4 0 0 18 0 2.38 1 Cmp
18 18 18 5 0 0 18 0 2.38 1 Cmp
18 18 18 5 0 0 18 0 2.38 1 Cmp
18 18 18 6 0 0 18 0 2.38 1 Cmp
18 18 18 6 0 0 18 0 2.38 1 Cmp
18 18 18 7 0 0 18 0 2.38 1 Cmp
18 18 18 7 0 0 18 0 2.38 1 Cmp
20 20 20 3 0 0 18 0 2.39 1 Cmp
20 20 20 3 0 0 18 0 2.39 1 Cmp
20 20 20 4 0 0 18 0 2.39 1 Cmp
20 20 20 4 0 0 18 0 2.39 1 Cmp
20 20 20 5 0 0 18 0 2.39 1 Cmp
20 20 20 5 0 0 18 0 2.39 1 Cmp
20 20 20 6 0 0 18 0 2.39 1 Cmp
20 20 20 6 0 0 18 0 2.39 1 Cmp
20 20 20 7 0 0 18 0 2.39 1 Cmp
20 20 20 7 0 0 18 0 2.39 1 Cmp
22 22 22 3 0 0 18 0 2.4 1 Cmp
22 22 22 3 0 0 18 0 2.4 1 Cmp
22 22 22 4 0 0 18 0 2.4 1 Cmp
22 22 22 4 0 0 18 0 2.4 1 Cmp
22 22 22 5 0 0 18 0 2.4 1 Cmp
22 22 22 5 0 0 18 0 2.4 1 Cmp
22 22 22 6 0 0 18 0 2.4 1 Cmp
22 22 22 6 0 0 18 0 2.4 1 Cmp
22 22 22 7 0 0 18 0 2.4 1 Cmp
22 22 22 7 0 0 18 0 2.4 1 Cmp
24 24 24 3 0 0 18 0 2.4 1 Cmp
24 24 24 3 0 0 18 0 2.4 1 Cmp
24 24 24 4 0 0 18 0 2.4 1 Cmp
24 24 24 4 0 0 18 0 2.4 1 Cmp
24 24 24 5 0 0 18 0 2.4 1 Cmp
24 24 24 5 0 0 18 0 2.4 1 Cmp
24 24 24 6 0 0 18 0 2.4 1 Cmp
24 24 24 6 0 0 18 0 2.4 1 Cmp
24 24 24 7 0 0 18 0 2.4 1 Cmp
24 24 24 7 0 0 18 0 2.4 1 Cmp
26 26 26 3 0 0 18 0 2.41 1 Cmp
26 26 26 3 0 0 18 0 2.41 1 Cmp
26 26 26 4 0 0 18 0 2.41 1 Cmp
26 26 26 4 0 0 18 0 2.41 1 Cmp
26 26 26 5 0 0 18 0 2.41 1 Cmp
26 26 26 5 0 0 18 0 2.41 1 Cmp
26 26 26 6 0 0 18 0 2.41 1 Cmp
26 26 26 6 0 0 18 0 2.41 1 Cmp
26 26 26 7 0 0 18 0 2.41 1 Cmp
26 26 26 7 0 0 18 0 2.41 1 Cmp
28 28 28 3 0 0 18 0 2.42 1 Cmp
28 28 28 3 0 0 18 0 2.42 1 Cmp
28 28 28 4 0 0 18 0 2.42 1 Cmp
28 28 28 4 0 0 18 0 2.42 1 Cmp
28 28 28 5 0 0 18 0 2.42 1 Cmp
28 28 28 5 0 0 18 0 2.42 1 Cmp
28 28 28 6 0 0 18 0 2.42 1 Cmp
28 28 28 6 0 0 18 0 2.42 1 Cmp
28 28 28 7 0 0 18 0 2.42 1 Cmp
28 28 28 7 0 0 18 0 2.42 1 Cmp
30 30 30 3 0 0 18 0 2.43 1 Cmp
30 30 30 3 0 0 18 0 2.43 1 Cmp
30 30 30 4 0 0 18 0 2.43 1 Cmp
30 30 30 4 0 0 18 0 2.43 1 Cmp
30 30 30 5 0 0 18 0 2.43 1 Cmp
30 30 30 5 0 0 18 0 2.43 1 Cmp
30 30 30 6 0 0 18 0 2.43 1 Cmp
30 30 30 6 0 0 18 0 2.43 1 Cmp
30 30 30 7 0 0 18 0 2.43 1 Cmp
30 30 30 7 0 0 18 0 2.43 1 Cmp
32 32 32 3 0 0 18 0 2.43 1 Cmp
32 32 32 3 0 0 18 0 2.43 1 Cmp
32 32 32 4 0 0 18 0 2.43 1 Cmp
32 32 32 4 0 0 18 0 2.43 1 Cmp
32 32 32 5 0 0 18 0 2.43 1 Cmp
32 32 32 5 0 0 18 0 2.43 1 Cmp
32 32 32 6 0 0 18 0 2.43 1 Cmp
32 32 32 6 0 0 18 0 2.43 1 Cmp
32 32 32 7 0 0 18 0 2.43 1 Cmp
32 32 32 7 0 0 18 0 2.43 1 Cmp
34 34 34 3 0 0 21 0 2.49 1 Cmp
34 34 34 3 0 0 21 0 2.49 1 Cmp
34 34 34 4 0 0 21 0 2.49 1 Cmp
34 34 34 4 0 0 21 0 2.49 1 Cmp
34 34 34 5 0 0 21 0 2.49 1 Cmp
34 34 34 5 0 0 21 0 2.49 1 Cmp
34 34 34 6 0 0 21 0 2.49 1 Cmp
34 34 34 6 0 0 21 0 2.49 1 Cmp
34 34 34 7 0 0 21 0 2.49 1 Cmp
34 34 34 7 0 0 21 0 2.49 1 Cmp
36 36 36 3 0 0 21 0 2.54 1 Cmp
36 36 36 3 0 0 21 0 2.54 1 Cmp
36 36 36 4 0 0 21 0 2.54 1 Cmp
36 36 36 4 0 0 21 0 2.54 1 Cmp
36 36 36 5 0 0 21 0 2.54 1 Cmp
36 36 36 5 0 0 21 0 2.54 1 Cmp
36 36 36 6 0 0 21 0 2.54 1 Cmp
36 36 36 6 0 0 21 0 2.54 1 Cmp
36 36 36 7 0 0 21 0 2.54 1 Cmp
36 36 36 7 0 0 21 0 2.54 1 Cmp
38 38 38 3 0 0 21 0 2.59 1 Cmp
38 38 38 3 0 0 21 0 2.59 1 Cmp
38 38 38 4 0 0 21 0 2.59 1 Cmp
38 38 38 4 0 0 21 0 2.59 1 Cmp
38 38 38 5 0 0 21 0 2.59 1 Cmp
38 38 38 5 0 0 21 0 2.59 1 Cmp
38 38 38 6 0 0 21 0 2.59 1 Cmp
38 38 38 6 0 0 21 0 2.59 1 Cmp
38 38 38 7 0 0 21 0 2.59 1 Cmp
38 38 38 7 0 0 21 0 2.59 1 Cmp
40 40 40 3 0 0 21 0 2.64 1 Cmp
40 40 40 3 0 0 21 0 2.64 1 Cmp
40 40 40 4 0 0 21 0 2.64 1 Cmp
40 40 40 4 0 0 21 0 2.64 1 Cmp
40 40 40 5 0 0 21 0 2.64 1 Cmp
40 40 40 5 0 0 21 0 2.64 1 Cmp
40 40 40 6 0 0 21 0 2.64 1 Cmp
40 40 40 6 0 0 21 0 2.64 1 Cmp
40 40 40 7 0 0 21 0 2.64 1 Cmp
40 40 40 7 0 0 21 0 2.64 1 Cmp
42 42 42 3 0 0 24 0 2.67 1 Cmp
42 42 42 3 0 0 24 0 2.67 1 Cmp
42 42 42 4 0 0 24 0 2.67 1 Cmp
42 42 42 4 0 0 24 0 2.67 1 Cmp
42 42 42 5 0 0 24 0 2.67 1 Cmp
42 42 42 5 0 0 24 0 2.67 1 Cmp
42 42 42 6 0 0 24 0 2.67 1 Cmp
42 42 42 6 0 0 24 0 2.67 1 Cmp
42 42 42 7 0 0 24 0 2.67 1 Cmp
42 42 42 7 0 0 24 0 2.67 1 Cmp
