-1 -1 -1 3 0 272 612 4 3.226 1 ---
-1 -1 -1 3 0 272 612 4 3.226 1 ---
-1 -1 -1 4 0 272 612 4 3.226 1 ---
-1 -1 -1 4 0 272 612 4 3.226 1 ---
-1 -1 -1 5 0 271 612 3 4.168 1 ---
-1 -1 -1 5 0 271 612 3 4.168 1 ---
-1 -1 -1 6 0 263 603 3 4.582 1 ---
-1 -1 -1 6 0 263 603 3 4.582 1 ---
-1 -1 -1 7 0 263 603 2 5.498 1 ---
-1 -1 -1 7 0 263 603 2 5.498 1 ---
-1 -1 -1 8 0 135 585 1 6.873 1 ---
-1 -1 -1 8 0 135 585 1 6.873 1 ---
-1 -1 -1 9 0 130 585 0 7.815 1 ---
-1 -1 -1 9 0 130 585 0 7.815 1 ---
-1 -1 -1 10 0 130 585 0 7.815 1 ---
-1 -1 -1 10 0 130 585 0 7.815 1 ---
-1 -1 -1 12.5 0 130 585 0 7.815 1 ---
-1 -1 -1 12.5 0 130 585 0 7.815 1 ---
-1 -1 -1 15 0 130 585 0 7.815 1 ---
-1 -1 -1 15 0 130 585 0 7.815 1 ---
-1 -1 -1 16 0 130 585 0 7.815 1 ---
-1 -1 -1 16 0 130 585 0 7.815 1 ---
