4 4 4 3 0 68 31 7 2.36 1 DivnS
4 4 4 3 0 68 31 7 2.36 1 DivnS
4 4 4 4 0 58 23 7 2.94 4 DivnS_SEQ
4 4 4 4 0 58 23 7 2.94 4 DivnS_SEQ
4 4 4 5 0 58 23 7 2.94 4 DivnS_SEQ
4 4 4 5 0 58 23 7 2.94 4 DivnS_SEQ
4 4 4 6 0 58 23 7 2.94 4 DivnS_SEQ
4 4 4 6 0 58 23 7 2.94 4 DivnS_SEQ
4 4 4 7 0 58 23 7 2.94 4 DivnS_SEQ
4 4 4 7 0 58 23 7 2.94 4 DivnS_SEQ
4 4 4 8 0 58 23 7 2.94 4 DivnS_SEQ
4 4 4 8 0 58 23 7 2.94 4 DivnS_SEQ
6 6 6 3 0 130 79 9 4.04 1 DivnS
6 6 6 3 0 130 79 9 4.04 1 DivnS
6 6 6 4 0 82 34 9 3.17 6 DivnS_SEQ
6 6 6 4 0 82 34 9 3.17 6 DivnS_SEQ
6 6 6 5 0 82 34 9 3.17 6 DivnS_SEQ
6 6 6 5 0 82 34 9 3.17 6 DivnS_SEQ
6 6 6 6 0 82 34 9 3.17 6 DivnS_SEQ
6 6 6 6 0 82 34 9 3.17 6 DivnS_SEQ
6 6 6 7 0 82 34 9 3.17 6 DivnS_SEQ
6 6 6 7 0 82 34 9 3.17 6 DivnS_SEQ
6 6 6 8 0 82 34 9 3.17 6 DivnS_SEQ
6 6 6 8 0 82 34 9 3.17 6 DivnS_SEQ
8 8 8 3 0 195 126 11 4.38 1 DivnS
8 8 8 3 0 195 126 11 4.38 1 DivnS
8 8 8 4 0 106 44 11 3.41 8 DivnS_SEQ
8 8 8 4 0 106 44 11 3.41 8 DivnS_SEQ
8 8 8 5 0 106 44 11 3.41 8 DivnS_SEQ
8 8 8 5 0 106 44 11 3.41 8 DivnS_SEQ
8 8 8 6 0 106 44 11 3.41 8 DivnS_SEQ
8 8 8 6 0 106 44 11 3.41 8 DivnS_SEQ
8 8 8 7 0 106 44 11 3.41 8 DivnS_SEQ
8 8 8 7 0 106 44 11 3.41 8 DivnS_SEQ
8 8 8 8 0 106 44 11 3.41 8 DivnS_SEQ
8 8 8 8 0 106 44 11 3.41 8 DivnS_SEQ
10 10 10 3 0 282 194 13 3.1 1 DivnS
10 10 10 3 0 282 194 13 3.1 1 DivnS
10 10 10 4 0 130 69 13 3.47 10 DivnS_SEQ
10 10 10 4 0 130 69 13 3.47 10 DivnS_SEQ
10 10 10 5 0 130 69 13 3.47 10 DivnS_SEQ
10 10 10 5 0 130 69 13 3.47 10 DivnS_SEQ
10 10 10 6 0 130 69 13 3.47 10 DivnS_SEQ
10 10 10 6 0 130 69 13 3.47 10 DivnS_SEQ
10 10 10 7 0 130 69 13 3.47 10 DivnS_SEQ
10 10 10 7 0 130 69 13 3.47 10 DivnS_SEQ
10 10 10 8 0 130 69 13 3.47 10 DivnS_SEQ
10 10 10 8 0 130 69 13 3.47 10 DivnS_SEQ
12 12 12 3 0 403 295 15 3.35 1 DivnS
12 12 12 3 0 403 295 15 3.35 1 DivnS
12 12 12 4 0 403 295 15 3.35 1 DivnS
12 12 12 4 0 403 295 15 3.35 1 DivnS
12 12 12 5 0 154 87 15 3.53 12 DivnS_SEQ
12 12 12 5 0 154 87 15 3.53 12 DivnS_SEQ
12 12 12 6 0 154 87 15 3.53 12 DivnS_SEQ
12 12 12 6 0 154 87 15 3.53 12 DivnS_SEQ
12 12 12 7 0 154 87 15 3.53 12 DivnS_SEQ
12 12 12 7 0 154 87 15 3.53 12 DivnS_SEQ
12 12 12 8 0 154 87 15 3.53 12 DivnS_SEQ
12 12 12 8 0 154 87 15 3.53 12 DivnS_SEQ
12 12 12 9 0 154 87 15 3.53 12 DivnS_SEQ
12 12 12 9 0 154 87 15 3.53 12 DivnS_SEQ
14 14 14 3 0 519 391 17 3.61 1 DivnS
14 14 14 3 0 519 391 17 3.61 1 DivnS
14 14 14 4 0 519 391 17 3.61 1 DivnS
14 14 14 4 0 519 391 17 3.61 1 DivnS
14 14 14 5 0 178 105 17 3.58 14 DivnS_SEQ
14 14 14 5 0 178 105 17 3.58 14 DivnS_SEQ
14 14 14 6 0 178 105 17 3.58 14 DivnS_SEQ
14 14 14 6 0 178 105 17 3.58 14 DivnS_SEQ
14 14 14 7 0 178 105 17 3.58 14 DivnS_SEQ
14 14 14 7 0 178 105 17 3.58 14 DivnS_SEQ
14 14 14 8 0 178 105 17 3.58 14 DivnS_SEQ
14 14 14 8 0 178 105 17 3.58 14 DivnS_SEQ
14 14 14 9 0 178 105 17 3.58 14 DivnS_SEQ
14 14 14 9 0 178 105 17 3.58 14 DivnS_SEQ
16 16 16 3 0 635 487 19 3.86 1 DivnS
16 16 16 3 0 635 487 19 3.86 1 DivnS
16 16 16 4 0 635 487 19 3.86 1 DivnS
16 16 16 4 0 635 487 19 3.86 1 DivnS
16 16 16 5 0 202 123 19 3.64 16 DivnS_SEQ
16 16 16 5 0 202 123 19 3.64 16 DivnS_SEQ
16 16 16 6 0 202 123 19 3.64 16 DivnS_SEQ
16 16 16 6 0 202 123 19 3.64 16 DivnS_SEQ
16 16 16 7 0 202 123 19 3.64 16 DivnS_SEQ
16 16 16 7 0 202 123 19 3.64 16 DivnS_SEQ
16 16 16 8 0 202 123 19 3.64 16 DivnS_SEQ
16 16 16 8 0 202 123 19 3.64 16 DivnS_SEQ
16 16 16 9 0 202 123 19 3.64 16 DivnS_SEQ
16 16 16 9 0 202 123 19 3.64 16 DivnS_SEQ
18 18 18 3 0 841 646 21 3.92 1 DivnS
18 18 18 3 0 841 646 21 3.92 1 DivnS
18 18 18 4 0 841 646 21 3.92 1 DivnS
18 18 18 4 0 841 646 21 3.92 1 DivnS
18 18 18 5 0 227 139 21 3.71 18 DivnS_SEQ
18 18 18 5 0 227 139 21 3.71 18 DivnS_SEQ
18 18 18 6 0 227 139 21 3.71 18 DivnS_SEQ
18 18 18 6 0 227 139 21 3.71 18 DivnS_SEQ
18 18 18 7 0 227 139 21 3.71 18 DivnS_SEQ
18 18 18 7 0 227 139 21 3.71 18 DivnS_SEQ
18 18 18 8 0 227 139 21 3.71 18 DivnS_SEQ
18 18 18 8 0 227 139 21 3.71 18 DivnS_SEQ
18 18 18 9 0 227 139 21 3.71 18 DivnS_SEQ
18 18 18 9 0 227 139 21 3.71 18 DivnS_SEQ
20 20 20 3 0 1047 802 23 3.98 1 DivnS
20 20 20 3 0 1047 802 23 3.98 1 DivnS
20 20 20 4 0 1047 802 23 3.98 1 DivnS
20 20 20 4 0 1047 802 23 3.98 1 DivnS
20 20 20 5 0 251 153 23 3.78 20 DivnS_SEQ
20 20 20 5 0 251 153 23 3.78 20 DivnS_SEQ
20 20 20 6 0 251 153 23 3.78 20 DivnS_SEQ
20 20 20 6 0 251 153 23 3.78 20 DivnS_SEQ
20 20 20 7 0 251 153 23 3.78 20 DivnS_SEQ
20 20 20 7 0 251 153 23 3.78 20 DivnS_SEQ
20 20 20 8 0 251 153 23 3.78 20 DivnS_SEQ
20 20 20 8 0 251 153 23 3.78 20 DivnS_SEQ
20 20 20 9 0 251 153 23 3.78 20 DivnS_SEQ
20 20 20 9 0 251 153 23 3.78 20 DivnS_SEQ
22 22 22 3 0 1253 958 25 4.04 1 DivnS
22 22 22 3 0 1253 958 25 4.04 1 DivnS
22 22 22 4 0 1253 958 25 4.04 1 DivnS
22 22 22 4 0 1253 958 25 4.04 1 DivnS
22 22 22 5 0 275 167 25 3.84 22 DivnS_SEQ
22 22 22 5 0 275 167 25 3.84 22 DivnS_SEQ
22 22 22 6 0 275 167 25 3.84 22 DivnS_SEQ
22 22 22 6 0 275 167 25 3.84 22 DivnS_SEQ
22 22 22 7 0 275 167 25 3.84 22 DivnS_SEQ
22 22 22 7 0 275 167 25 3.84 22 DivnS_SEQ
22 22 22 8 0 275 167 25 3.84 22 DivnS_SEQ
22 22 22 8 0 275 167 25 3.84 22 DivnS_SEQ
22 22 22 9 0 275 167 25 3.84 22 DivnS_SEQ
22 22 22 9 0 275 167 25 3.84 22 DivnS_SEQ
24 24 24 3 0 1459 1114 27 4.1 1 DivnS
24 24 24 3 0 1459 1114 27 4.1 1 DivnS
24 24 24 4 0 1459 1114 27 4.1 1 DivnS
24 24 24 4 0 1459 1114 27 4.1 1 DivnS
24 24 24 5 0 299 181 27 3.91 24 DivnS_SEQ
24 24 24 5 0 299 181 27 3.91 24 DivnS_SEQ
24 24 24 6 0 299 181 27 3.91 24 DivnS_SEQ
24 24 24 6 0 299 181 27 3.91 24 DivnS_SEQ
24 24 24 7 0 299 181 27 3.91 24 DivnS_SEQ
24 24 24 7 0 299 181 27 3.91 24 DivnS_SEQ
24 24 24 8 0 299 181 27 3.91 24 DivnS_SEQ
24 24 24 8 0 299 181 27 3.91 24 DivnS_SEQ
24 24 24 9 0 299 181 27 3.91 24 DivnS_SEQ
24 24 24 9 0 299 181 27 3.91 24 DivnS_SEQ
26 26 26 3 0 1665 1270 29 4.16 1 DivnS
26 26 26 3 0 1665 1270 29 4.16 1 DivnS
26 26 26 4 0 1665 1270 29 4.16 1 DivnS
26 26 26 4 0 1665 1270 29 4.16 1 DivnS
26 26 26 5 0 323 195 29 3.97 26 DivnS_SEQ
26 26 26 5 0 323 195 29 3.97 26 DivnS_SEQ
26 26 26 6 0 323 195 29 3.97 26 DivnS_SEQ
26 26 26 6 0 323 195 29 3.97 26 DivnS_SEQ
26 26 26 7 0 323 195 29 3.97 26 DivnS_SEQ
26 26 26 7 0 323 195 29 3.97 26 DivnS_SEQ
26 26 26 8 0 323 195 29 3.97 26 DivnS_SEQ
26 26 26 8 0 323 195 29 3.97 26 DivnS_SEQ
26 26 26 9 0 323 195 29 3.97 26 DivnS_SEQ
26 26 26 9 0 323 195 29 3.97 26 DivnS_SEQ
28 28 28 3 0 1871 1426 31 4.21 1 DivnS
28 28 28 3 0 1871 1426 31 4.21 1 DivnS
28 28 28 4 0 1871 1426 31 4.21 1 DivnS
28 28 28 4 0 1871 1426 31 4.21 1 DivnS
28 28 28 5 0 350 210 31 4.03 28 DivnS_SEQ
28 28 28 5 0 350 210 31 4.03 28 DivnS_SEQ
28 28 28 6 0 350 210 31 4.03 28 DivnS_SEQ
28 28 28 6 0 350 210 31 4.03 28 DivnS_SEQ
28 28 28 7 0 350 210 31 4.03 28 DivnS_SEQ
28 28 28 7 0 350 210 31 4.03 28 DivnS_SEQ
28 28 28 8 0 350 210 31 4.03 28 DivnS_SEQ
28 28 28 8 0 350 210 31 4.03 28 DivnS_SEQ
28 28 28 9 0 350 210 31 4.03 28 DivnS_SEQ
28 28 28 9 0 350 210 31 4.03 28 DivnS_SEQ
30 30 30 3 0 2077 1582 33 4.27 1 DivnS
30 30 30 3 0 2077 1582 33 4.27 1 DivnS
30 30 30 4 0 2077 1582 33 4.27 1 DivnS
30 30 30 4 0 2077 1582 33 4.27 1 DivnS
30 30 30 5 0 372 224 33 4.08 30 DivnS_SEQ
30 30 30 5 0 372 224 33 4.08 30 DivnS_SEQ
30 30 30 6 0 372 224 33 4.08 30 DivnS_SEQ
30 30 30 6 0 372 224 33 4.08 30 DivnS_SEQ
30 30 30 7 0 372 224 33 4.08 30 DivnS_SEQ
30 30 30 7 0 372 224 33 4.08 30 DivnS_SEQ
30 30 30 8 0 372 224 33 4.08 30 DivnS_SEQ
30 30 30 8 0 372 224 33 4.08 30 DivnS_SEQ
30 30 30 9 0 372 224 33 4.08 30 DivnS_SEQ
30 30 30 9 0 372 224 33 4.08 30 DivnS_SEQ
32 32 32 3 0 2283 1738 35 4.33 1 DivnS
32 32 32 3 0 2283 1738 35 4.33 1 DivnS
32 32 32 4 0 2283 1738 35 4.33 1 DivnS
32 32 32 4 0 2283 1738 35 4.33 1 DivnS
32 32 32 5 0 394 238 35 4.13 32 DivnS_SEQ
32 32 32 5 0 394 238 35 4.13 32 DivnS_SEQ
32 32 32 6 0 394 238 35 4.13 32 DivnS_SEQ
32 32 32 6 0 394 238 35 4.13 32 DivnS_SEQ
32 32 32 7 0 394 238 35 4.13 32 DivnS_SEQ
32 32 32 7 0 394 238 35 4.13 32 DivnS_SEQ
32 32 32 8 0 394 238 35 4.13 32 DivnS_SEQ
32 32 32 8 0 394 238 35 4.13 32 DivnS_SEQ
32 32 32 9 0 394 238 35 4.13 32 DivnS_SEQ
32 32 32 9 0 394 238 35 4.13 32 DivnS_SEQ
34 34 34 3 0 2585 1970 37 4.39 1 DivnS
34 34 34 3 0 2585 1970 37 4.39 1 DivnS
34 34 34 4 0 2585 1970 37 4.39 1 DivnS
34 34 34 4 0 2585 1970 37 4.39 1 DivnS
34 34 34 5 0 418 254 37 4.19 34 DivnS_SEQ
34 34 34 5 0 418 254 37 4.19 34 DivnS_SEQ
34 34 34 6 0 418 254 37 4.19 34 DivnS_SEQ
34 34 34 6 0 418 254 37 4.19 34 DivnS_SEQ
34 34 34 7 0 418 254 37 4.19 34 DivnS_SEQ
34 34 34 7 0 418 254 37 4.19 34 DivnS_SEQ
34 34 34 8 0 418 254 37 4.19 34 DivnS_SEQ
34 34 34 8 0 418 254 37 4.19 34 DivnS_SEQ
34 34 34 9 0 418 254 37 4.19 34 DivnS_SEQ
34 34 34 9 0 418 254 37 4.19 34 DivnS_SEQ
36 36 36 3 0 2887 2202 39 4.45 1 DivnS
36 36 36 3 0 2887 2202 39 4.45 1 DivnS
36 36 36 4 0 2887 2202 39 4.45 1 DivnS
36 36 36 4 0 2887 2202 39 4.45 1 DivnS
36 36 36 5 0 442 268 39 4.25 36 DivnS_SEQ
36 36 36 5 0 442 268 39 4.25 36 DivnS_SEQ
36 36 36 6 0 442 268 39 4.25 36 DivnS_SEQ
36 36 36 6 0 442 268 39 4.25 36 DivnS_SEQ
36 36 36 7 0 442 268 39 4.25 36 DivnS_SEQ
36 36 36 7 0 442 268 39 4.25 36 DivnS_SEQ
36 36 36 8 0 442 268 39 4.25 36 DivnS_SEQ
36 36 36 8 0 442 268 39 4.25 36 DivnS_SEQ
36 36 36 9 0 442 268 39 4.25 36 DivnS_SEQ
36 36 36 9 0 442 268 39 4.25 36 DivnS_SEQ
38 38 38 3 0 3189 2434 41 4.51 1 DivnS
38 38 38 3 0 3189 2434 41 4.51 1 DivnS
38 38 38 4 0 3189 2434 41 4.51 1 DivnS
38 38 38 4 0 3189 2434 41 4.51 1 DivnS
38 38 38 5 0 466 282 41 4.31 38 DivnS_SEQ
38 38 38 5 0 466 282 41 4.31 38 DivnS_SEQ
38 38 38 6 0 466 282 41 4.31 38 DivnS_SEQ
38 38 38 6 0 466 282 41 4.31 38 DivnS_SEQ
38 38 38 7 0 466 282 41 4.31 38 DivnS_SEQ
38 38 38 7 0 466 282 41 4.31 38 DivnS_SEQ
38 38 38 8 0 466 282 41 4.31 38 DivnS_SEQ
38 38 38 8 0 466 282 41 4.31 38 DivnS_SEQ
38 38 38 9 0 466 282 41 4.31 38 DivnS_SEQ
38 38 38 9 0 466 282 41 4.31 38 DivnS_SEQ
40 40 40 3 0 3491 2666 43 4.57 1 DivnS
40 40 40 3 0 3491 2666 43 4.57 1 DivnS
40 40 40 4 0 3491 2666 43 4.57 1 DivnS
40 40 40 4 0 3491 2666 43 4.57 1 DivnS
40 40 40 5 0 490 296 43 4.37 40 DivnS_SEQ
40 40 40 5 0 490 296 43 4.37 40 DivnS_SEQ
40 40 40 6 0 490 296 43 4.37 40 DivnS_SEQ
40 40 40 6 0 490 296 43 4.37 40 DivnS_SEQ
40 40 40 7 0 490 296 43 4.37 40 DivnS_SEQ
40 40 40 7 0 490 296 43 4.37 40 DivnS_SEQ
40 40 40 8 0 490 296 43 4.37 40 DivnS_SEQ
40 40 40 8 0 490 296 43 4.37 40 DivnS_SEQ
40 40 40 9 0 490 296 43 4.37 40 DivnS_SEQ
40 40 40 9 0 490 296 43 4.37 40 DivnS_SEQ
42 42 42 3 0 3865 2954 45 4.61 1 DivnS
42 42 42 3 0 3865 2954 45 4.61 1 DivnS
42 42 42 4 0 3865 2954 45 4.61 1 DivnS
42 42 42 4 0 3865 2954 45 4.61 1 DivnS
42 42 42 5 0 3865 2954 45 4.61 1 DivnS
42 42 42 5 0 3865 2954 45 4.61 1 DivnS
42 42 42 6 0 515 312 45 4.41 42 DivnS_SEQ
42 42 42 6 0 515 312 45 4.41 42 DivnS_SEQ
42 42 42 7 0 515 312 45 4.41 42 DivnS_SEQ
42 42 42 7 0 515 312 45 4.41 42 DivnS_SEQ
42 42 42 8 0 515 312 45 4.41 42 DivnS_SEQ
42 42 42 8 0 515 312 45 4.41 42 DivnS_SEQ
42 42 42 9 0 515 312 45 4.41 42 DivnS_SEQ
42 42 42 9 0 515 312 45 4.41 42 DivnS_SEQ
42 42 42 10 0 515 312 45 4.41 42 DivnS_SEQ
42 42 42 10 0 515 312 45 4.41 42 DivnS_SEQ
44 44 44 3 0 4239 3240 47 4.66 1 DivnS
44 44 44 3 0 4239 3240 47 4.66 1 DivnS
44 44 44 4 0 4239 3240 47 4.66 1 DivnS
44 44 44 4 0 4239 3240 47 4.66 1 DivnS
44 44 44 5 0 4239 3240 47 4.66 1 DivnS
44 44 44 5 0 4239 3240 47 4.66 1 DivnS
44 44 44 6 0 539 326 47 4.46 44 DivnS_SEQ
44 44 44 6 0 539 326 47 4.46 44 DivnS_SEQ
44 44 44 7 0 539 326 47 4.46 44 DivnS_SEQ
44 44 44 7 0 539 326 47 4.46 44 DivnS_SEQ
44 44 44 8 0 539 326 47 4.46 44 DivnS_SEQ
44 44 44 8 0 539 326 47 4.46 44 DivnS_SEQ
44 44 44 9 0 539 326 47 4.46 44 DivnS_SEQ
44 44 44 9 0 539 326 47 4.46 44 DivnS_SEQ
44 44 44 10 0 539 326 47 4.46 44 DivnS_SEQ
44 44 44 10 0 539 326 47 4.46 44 DivnS_SEQ
46 46 46 3 0 4613 3526 49 4.71 1 DivnS
46 46 46 3 0 4613 3526 49 4.71 1 DivnS
46 46 46 4 0 4613 3526 49 4.71 1 DivnS
46 46 46 4 0 4613 3526 49 4.71 1 DivnS
46 46 46 5 0 4613 3526 49 4.71 1 DivnS
46 46 46 5 0 4613 3526 49 4.71 1 DivnS
46 46 46 6 0 563 340 49 4.5 46 DivnS_SEQ
46 46 46 6 0 563 340 49 4.5 46 DivnS_SEQ
46 46 46 7 0 563 340 49 4.5 46 DivnS_SEQ
46 46 46 7 0 563 340 49 4.5 46 DivnS_SEQ
46 46 46 8 0 563 340 49 4.5 46 DivnS_SEQ
46 46 46 8 0 563 340 49 4.5 46 DivnS_SEQ
46 46 46 9 0 563 340 49 4.5 46 DivnS_SEQ
46 46 46 9 0 563 340 49 4.5 46 DivnS_SEQ
46 46 46 10 0 563 340 49 4.5 46 DivnS_SEQ
46 46 46 10 0 563 340 49 4.5 46 DivnS_SEQ
48 48 48 3 0 4987 3812 51 4.75 1 DivnS
48 48 48 3 0 4987 3812 51 4.75 1 DivnS
48 48 48 4 0 4987 3812 51 4.75 1 DivnS
48 48 48 4 0 4987 3812 51 4.75 1 DivnS
48 48 48 5 0 4987 3812 51 4.75 1 DivnS
48 48 48 5 0 4987 3812 51 4.75 1 DivnS
48 48 48 6 0 587 354 51 4.55 48 DivnS_SEQ
48 48 48 6 0 587 354 51 4.55 48 DivnS_SEQ
48 48 48 7 0 587 354 51 4.55 48 DivnS_SEQ
48 48 48 7 0 587 354 51 4.55 48 DivnS_SEQ
48 48 48 8 0 587 354 51 4.55 48 DivnS_SEQ
48 48 48 8 0 587 354 51 4.55 48 DivnS_SEQ
48 48 48 9 0 587 354 51 4.55 48 DivnS_SEQ
48 48 48 9 0 587 354 51 4.55 48 DivnS_SEQ
48 48 48 10 0 587 354 51 4.55 48 DivnS_SEQ
48 48 48 10 0 587 354 51 4.55 48 DivnS_SEQ
50 50 50 3 0 5361 4098 53 4.8 1 DivnS
50 50 50 3 0 5361 4098 53 4.8 1 DivnS
50 50 50 4 0 5361 4098 53 4.8 1 DivnS
50 50 50 4 0 5361 4098 53 4.8 1 DivnS
50 50 50 5 0 5361 4098 53 4.8 1 DivnS
50 50 50 5 0 5361 4098 53 4.8 1 DivnS
50 50 50 6 0 611 368 53 4.59 50 DivnS_SEQ
50 50 50 6 0 611 368 53 4.59 50 DivnS_SEQ
50 50 50 7 0 611 368 53 4.59 50 DivnS_SEQ
50 50 50 7 0 611 368 53 4.59 50 DivnS_SEQ
50 50 50 8 0 611 368 53 4.59 50 DivnS_SEQ
50 50 50 8 0 611 368 53 4.59 50 DivnS_SEQ
50 50 50 9 0 611 368 53 4.59 50 DivnS_SEQ
50 50 50 9 0 611 368 53 4.59 50 DivnS_SEQ
50 50 50 10 0 611 368 53 4.59 50 DivnS_SEQ
50 50 50 10 0 611 368 53 4.59 50 DivnS_SEQ
52 52 52 3 0 5831 4459 55 4.87 1 DivnS
52 52 52 3 0 5831 4459 55 4.87 1 DivnS
52 52 52 4 0 5831 4459 55 4.87 1 DivnS
52 52 52 4 0 5831 4459 55 4.87 1 DivnS
52 52 52 5 0 5831 4459 55 4.87 1 DivnS
52 52 52 5 0 5831 4459 55 4.87 1 DivnS
52 52 52 6 0 635 385 55 4.66 52 DivnS_SEQ
52 52 52 6 0 635 385 55 4.66 52 DivnS_SEQ
52 52 52 7 0 635 385 55 4.66 52 DivnS_SEQ
52 52 52 7 0 635 385 55 4.66 52 DivnS_SEQ
52 52 52 8 0 635 385 55 4.66 52 DivnS_SEQ
52 52 52 8 0 635 385 55 4.66 52 DivnS_SEQ
52 52 52 9 0 635 385 55 4.66 52 DivnS_SEQ
52 52 52 9 0 635 385 55 4.66 52 DivnS_SEQ
52 52 52 10 0 635 385 55 4.66 52 DivnS_SEQ
52 52 52 10 0 635 385 55 4.66 52 DivnS_SEQ
54 54 54 3 0 6301 4817 57 4.93 1 DivnS
54 54 54 3 0 6301 4817 57 4.93 1 DivnS
54 54 54 4 0 6301 4817 57 4.93 1 DivnS
54 54 54 4 0 6301 4817 57 4.93 1 DivnS
54 54 54 5 0 6301 4817 57 4.93 1 DivnS
54 54 54 5 0 6301 4817 57 4.93 1 DivnS
54 54 54 6 0 659 399 57 4.73 54 DivnS_SEQ
54 54 54 6 0 659 399 57 4.73 54 DivnS_SEQ
54 54 54 7 0 659 399 57 4.73 54 DivnS_SEQ
54 54 54 7 0 659 399 57 4.73 54 DivnS_SEQ
54 54 54 8 0 659 399 57 4.73 54 DivnS_SEQ
54 54 54 8 0 659 399 57 4.73 54 DivnS_SEQ
54 54 54 9 0 659 399 57 4.73 54 DivnS_SEQ
54 54 54 9 0 659 399 57 4.73 54 DivnS_SEQ
54 54 54 10 0 659 399 57 4.73 54 DivnS_SEQ
54 54 54 10 0 659 399 57 4.73 54 DivnS_SEQ
56 56 56 3 0 6771 5175 59 5.0 1 DivnS
56 56 56 3 0 6771 5175 59 5.0 1 DivnS
56 56 56 4 0 6771 5175 59 5.0 1 DivnS
56 56 56 4 0 6771 5175 59 5.0 1 DivnS
56 56 56 5 0 6771 5175 59 5.0 1 DivnS
56 56 56 5 0 6771 5175 59 5.0 1 DivnS
56 56 56 6 0 683 413 59 4.8 56 DivnS_SEQ
56 56 56 6 0 683 413 59 4.8 56 DivnS_SEQ
56 56 56 7 0 683 413 59 4.8 56 DivnS_SEQ
56 56 56 7 0 683 413 59 4.8 56 DivnS_SEQ
56 56 56 8 0 683 413 59 4.8 56 DivnS_SEQ
56 56 56 8 0 683 413 59 4.8 56 DivnS_SEQ
56 56 56 9 0 683 413 59 4.8 56 DivnS_SEQ
56 56 56 9 0 683 413 59 4.8 56 DivnS_SEQ
56 56 56 10 0 683 413 59 4.8 56 DivnS_SEQ
56 56 56 10 0 683 413 59 4.8 56 DivnS_SEQ
58 58 58 3 0 7241 5533 61 5.07 1 DivnS
58 58 58 3 0 7241 5533 61 5.07 1 DivnS
58 58 58 4 0 7241 5533 61 5.07 1 DivnS
58 58 58 4 0 7241 5533 61 5.07 1 DivnS
58 58 58 5 0 7241 5533 61 5.07 1 DivnS
58 58 58 5 0 7241 5533 61 5.07 1 DivnS
58 58 58 6 0 707 427 61 4.86 58 DivnS_SEQ
58 58 58 6 0 707 427 61 4.86 58 DivnS_SEQ
58 58 58 7 0 707 427 61 4.86 58 DivnS_SEQ
58 58 58 7 0 707 427 61 4.86 58 DivnS_SEQ
58 58 58 8 0 707 427 61 4.86 58 DivnS_SEQ
58 58 58 8 0 707 427 61 4.86 58 DivnS_SEQ
58 58 58 9 0 707 427 61 4.86 58 DivnS_SEQ
58 58 58 9 0 707 427 61 4.86 58 DivnS_SEQ
58 58 58 10 0 707 427 61 4.86 58 DivnS_SEQ
58 58 58 10 0 707 427 61 4.86 58 DivnS_SEQ
60 60 60 3 0 7711 5891 63 5.13 1 DivnS
60 60 60 3 0 7711 5891 63 5.13 1 DivnS
60 60 60 4 0 7711 5891 63 5.13 1 DivnS
60 60 60 4 0 7711 5891 63 5.13 1 DivnS
60 60 60 5 0 7711 5891 63 5.13 1 DivnS
60 60 60 5 0 7711 5891 63 5.13 1 DivnS
60 60 60 6 0 731 441 63 4.93 60 DivnS_SEQ
60 60 60 6 0 731 441 63 4.93 60 DivnS_SEQ
60 60 60 7 0 731 441 63 4.93 60 DivnS_SEQ
60 60 60 7 0 731 441 63 4.93 60 DivnS_SEQ
60 60 60 8 0 731 441 63 4.93 60 DivnS_SEQ
60 60 60 8 0 731 441 63 4.93 60 DivnS_SEQ
60 60 60 9 0 731 441 63 4.93 60 DivnS_SEQ
60 60 60 9 0 731 441 63 4.93 60 DivnS_SEQ
60 60 60 10 0 731 441 63 4.93 60 DivnS_SEQ
60 60 60 10 0 731 441 63 4.93 60 DivnS_SEQ
62 62 62 3 0 8181 6249 65 5.2 1 DivnS
62 62 62 3 0 8181 6249 65 5.2 1 DivnS
62 62 62 4 0 8181 6249 65 5.2 1 DivnS
62 62 62 4 0 8181 6249 65 5.2 1 DivnS
62 62 62 5 0 8181 6249 65 5.2 1 DivnS
62 62 62 5 0 8181 6249 65 5.2 1 DivnS
62 62 62 6 0 755 455 65 5.0 62 DivnS_SEQ
62 62 62 6 0 755 455 65 5.0 62 DivnS_SEQ
62 62 62 7 0 755 455 65 5.0 62 DivnS_SEQ
62 62 62 7 0 755 455 65 5.0 62 DivnS_SEQ
62 62 62 8 0 755 455 65 5.0 62 DivnS_SEQ
62 62 62 8 0 755 455 65 5.0 62 DivnS_SEQ
62 62 62 9 0 755 455 65 5.0 62 DivnS_SEQ
62 62 62 9 0 755 455 65 5.0 62 DivnS_SEQ
62 62 62 10 0 755 455 65 5.0 62 DivnS_SEQ
62 62 62 10 0 755 455 65 5.0 62 DivnS_SEQ
64 64 64 3 0 8651 6607 67 5.27 1 DivnS
64 64 64 3 0 8651 6607 67 5.27 1 DivnS
64 64 64 4 0 8651 6607 67 5.27 1 DivnS
64 64 64 4 0 8651 6607 67 5.27 1 DivnS
64 64 64 5 0 8651 6607 67 5.27 1 DivnS
64 64 64 5 0 8651 6607 67 5.27 1 DivnS
64 64 64 6 0 779 469 67 5.07 64 DivnS_SEQ
64 64 64 6 0 779 469 67 5.07 64 DivnS_SEQ
64 64 64 7 0 779 469 67 5.07 64 DivnS_SEQ
64 64 64 7 0 779 469 67 5.07 64 DivnS_SEQ
64 64 64 8 0 779 469 67 5.07 64 DivnS_SEQ
64 64 64 8 0 779 469 67 5.07 64 DivnS_SEQ
64 64 64 9 0 779 469 67 5.07 64 DivnS_SEQ
64 64 64 9 0 779 469 67 5.07 64 DivnS_SEQ
64 64 64 10 0 779 469 67 5.07 64 DivnS_SEQ
64 64 64 10 0 779 469 67 5.07 64 DivnS_SEQ