5 5 5 3 1 0 0 3 2.15 1 DSP48
5 5 5 3 1 0 0 3 2.15 1 DSP48
5 5 5 4 1 0 0 2 3.88 1 DSP48
5 5 5 4 1 0 0 2 3.88 1 DSP48
5 5 5 5 1 0 0 2 3.88 1 DSP48
5 5 5 5 1 0 0 2 3.88 1 DSP48
5 5 5 6 1 0 0 2 3.88 1 DSP48
5 5 5 6 1 0 0 2 3.88 1 DSP48
5 5 5 7 1 0 0 1 6.48 1 DSP48
5 5 5 7 1 0 0 1 6.48 1 DSP48
5 5 5 8 1 0 0 0 7.18 1 DSP48
5 5 5 8 1 0 0 0 7.18 1 DSP48
5 5 5 9 1 0 0 0 7.18 1 DSP48
5 5 5 9 1 0 0 0 7.18 1 DSP48
5 5 5 10 1 0 0 0 7.18 1 DSP48
5 5 5 10 1 0 0 0 7.18 1 DSP48
5 5 5 12.5 1 0 0 0 7.18 1 DSP48
5 5 5 12.5 1 0 0 0 7.18 1 DSP48
5 5 5 15 1 0 0 0 7.18 1 DSP48
5 5 5 15 1 0 0 0 7.18 1 DSP48
6 6 6 3 1 0 0 3 2.15 1 DSP48
6 6 6 3 1 0 0 3 2.15 1 DSP48
6 6 6 4 1 0 0 2 3.88 1 DSP48
6 6 6 4 1 0 0 2 3.88 1 DSP48
6 6 6 5 1 0 0 2 3.88 1 DSP48
6 6 6 5 1 0 0 2 3.88 1 DSP48
6 6 6 6 1 0 0 2 3.88 1 DSP48
6 6 6 6 1 0 0 2 3.88 1 DSP48
6 6 6 7 1 0 0 1 6.48 1 DSP48
6 6 6 7 1 0 0 1 6.48 1 DSP48
6 6 6 8 1 0 0 0 7.18 1 DSP48
6 6 6 8 1 0 0 0 7.18 1 DSP48
6 6 6 9 1 0 0 0 7.18 1 DSP48
6 6 6 9 1 0 0 0 7.18 1 DSP48
6 6 6 10 1 0 0 0 7.18 1 DSP48
6 6 6 10 1 0 0 0 7.18 1 DSP48
6 6 6 12.5 1 0 0 0 7.18 1 DSP48
6 6 6 12.5 1 0 0 0 7.18 1 DSP48
6 6 6 15 1 0 0 0 7.18 1 DSP48
6 6 6 15 1 0 0 0 7.18 1 DSP48
7 7 7 3 1 0 0 3 2.15 1 DSP48
7 7 7 3 1 0 0 3 2.15 1 DSP48
7 7 7 4 1 0 0 2 3.88 1 DSP48
7 7 7 4 1 0 0 2 3.88 1 DSP48
7 7 7 5 1 0 0 2 3.88 1 DSP48
7 7 7 5 1 0 0 2 3.88 1 DSP48
7 7 7 6 1 0 0 2 3.88 1 DSP48
7 7 7 6 1 0 0 2 3.88 1 DSP48
7 7 7 7 1 0 0 1 6.48 1 DSP48
7 7 7 7 1 0 0 1 6.48 1 DSP48
7 7 7 8 1 0 0 0 7.18 1 DSP48
7 7 7 8 1 0 0 0 7.18 1 DSP48
7 7 7 9 1 0 0 0 7.18 1 DSP48
7 7 7 9 1 0 0 0 7.18 1 DSP48
7 7 7 10 1 0 0 0 7.18 1 DSP48
7 7 7 10 1 0 0 0 7.18 1 DSP48
7 7 7 12.5 1 0 0 0 7.18 1 DSP48
7 7 7 12.5 1 0 0 0 7.18 1 DSP48
7 7 7 15 1 0 0 0 7.18 1 DSP48
7 7 7 15 1 0 0 0 7.18 1 DSP48
8 8 8 3 1 0 0 3 2.15 1 DSP48
8 8 8 3 1 0 0 3 2.15 1 DSP48
8 8 8 4 1 0 0 2 3.88 1 DSP48
8 8 8 4 1 0 0 2 3.88 1 DSP48
8 8 8 5 1 0 0 2 3.88 1 DSP48
8 8 8 5 1 0 0 2 3.88 1 DSP48
8 8 8 6 1 0 0 2 3.88 1 DSP48
8 8 8 6 1 0 0 2 3.88 1 DSP48
8 8 8 7 1 0 0 1 6.48 1 DSP48
8 8 8 7 1 0 0 1 6.48 1 DSP48
8 8 8 8 1 0 0 0 7.18 1 DSP48
8 8 8 8 1 0 0 0 7.18 1 DSP48
8 8 8 9 1 0 0 0 7.18 1 DSP48
8 8 8 9 1 0 0 0 7.18 1 DSP48
8 8 8 10 1 0 0 0 7.18 1 DSP48
8 8 8 10 1 0 0 0 7.18 1 DSP48
8 8 8 12.5 1 0 0 0 7.18 1 DSP48
8 8 8 12.5 1 0 0 0 7.18 1 DSP48
8 8 8 15 1 0 0 0 7.18 1 DSP48
8 8 8 15 1 0 0 0 7.18 1 DSP48
9 9 9 3 1 0 0 3 2.15 1 DSP48
9 9 9 3 1 0 0 3 2.15 1 DSP48
9 9 9 4 1 0 0 2 3.88 1 DSP48
9 9 9 4 1 0 0 2 3.88 1 DSP48
9 9 9 5 1 0 0 2 3.88 1 DSP48
9 9 9 5 1 0 0 2 3.88 1 DSP48
9 9 9 6 1 0 0 2 3.88 1 DSP48
9 9 9 6 1 0 0 2 3.88 1 DSP48
9 9 9 7 1 0 0 1 6.48 1 DSP48
9 9 9 7 1 0 0 1 6.48 1 DSP48
9 9 9 8 1 0 0 0 7.18 1 DSP48
9 9 9 8 1 0 0 0 7.18 1 DSP48
9 9 9 9 1 0 0 0 7.18 1 DSP48
9 9 9 9 1 0 0 0 7.18 1 DSP48
9 9 9 10 1 0 0 0 7.18 1 DSP48
9 9 9 10 1 0 0 0 7.18 1 DSP48
9 9 9 12.5 1 0 0 0 7.18 1 DSP48
9 9 9 12.5 1 0 0 0 7.18 1 DSP48
9 9 9 15 1 0 0 0 7.18 1 DSP48
9 9 9 15 1 0 0 0 7.18 1 DSP48
10 10 10 3 1 0 0 3 2.15 1 DSP48
10 10 10 3 1 0 0 3 2.15 1 DSP48
10 10 10 4 1 0 0 2 3.88 1 DSP48
10 10 10 4 1 0 0 2 3.88 1 DSP48
10 10 10 5 1 0 0 2 3.88 1 DSP48
10 10 10 5 1 0 0 2 3.88 1 DSP48
10 10 10 6 1 0 0 2 3.88 1 DSP48
10 10 10 6 1 0 0 2 3.88 1 DSP48
10 10 10 7 1 0 0 1 6.48 1 DSP48
10 10 10 7 1 0 0 1 6.48 1 DSP48
10 10 10 8 1 0 0 0 7.18 1 DSP48
10 10 10 8 1 0 0 0 7.18 1 DSP48
10 10 10 9 1 0 0 0 7.18 1 DSP48
10 10 10 9 1 0 0 0 7.18 1 DSP48
10 10 10 10 1 0 0 0 7.18 1 DSP48
10 10 10 10 1 0 0 0 7.18 1 DSP48
10 10 10 12.5 1 0 0 0 7.18 1 DSP48
10 10 10 12.5 1 0 0 0 7.18 1 DSP48
10 10 10 15 1 0 0 0 7.18 1 DSP48
10 10 10 15 1 0 0 0 7.18 1 DSP48
11 11 11 3 1 0 0 3 2.15 1 DSP48
11 11 11 3 1 0 0 3 2.15 1 DSP48
11 11 11 4 1 0 0 2 3.88 1 DSP48
11 11 11 4 1 0 0 2 3.88 1 DSP48
11 11 11 5 1 0 0 2 3.88 1 DSP48
11 11 11 5 1 0 0 2 3.88 1 DSP48
11 11 11 6 1 0 0 2 3.88 1 DSP48
11 11 11 6 1 0 0 2 3.88 1 DSP48
11 11 11 7 1 0 0 1 6.48 1 DSP48
11 11 11 7 1 0 0 1 6.48 1 DSP48
11 11 11 8 1 0 0 0 7.18 1 DSP48
11 11 11 8 1 0 0 0 7.18 1 DSP48
11 11 11 9 1 0 0 0 7.18 1 DSP48
11 11 11 9 1 0 0 0 7.18 1 DSP48
11 11 11 10 1 0 0 0 7.18 1 DSP48
11 11 11 10 1 0 0 0 7.18 1 DSP48
11 11 11 12.5 1 0 0 0 7.18 1 DSP48
11 11 11 12.5 1 0 0 0 7.18 1 DSP48
11 11 11 15 1 0 0 0 7.18 1 DSP48
11 11 11 15 1 0 0 0 7.18 1 DSP48
12 12 12 3 1 0 0 3 2.15 1 DSP48
12 12 12 3 1 0 0 3 2.15 1 DSP48
12 12 12 4 1 0 0 2 3.88 1 DSP48
12 12 12 4 1 0 0 2 3.88 1 DSP48
12 12 12 5 1 0 0 2 3.88 1 DSP48
12 12 12 5 1 0 0 2 3.88 1 DSP48
12 12 12 6 1 0 0 2 3.88 1 DSP48
12 12 12 6 1 0 0 2 3.88 1 DSP48
12 12 12 7 1 0 0 1 6.48 1 DSP48
12 12 12 7 1 0 0 1 6.48 1 DSP48
12 12 12 8 1 0 0 0 7.18 1 DSP48
12 12 12 8 1 0 0 0 7.18 1 DSP48
12 12 12 9 1 0 0 0 7.18 1 DSP48
12 12 12 9 1 0 0 0 7.18 1 DSP48
12 12 12 10 1 0 0 0 7.18 1 DSP48
12 12 12 10 1 0 0 0 7.18 1 DSP48
12 12 12 12.5 1 0 0 0 7.18 1 DSP48
12 12 12 12.5 1 0 0 0 7.18 1 DSP48
12 12 12 15 1 0 0 0 7.18 1 DSP48
12 12 12 15 1 0 0 0 7.18 1 DSP48
13 13 13 3 1 0 0 3 2.15 1 DSP48
13 13 13 3 1 0 0 3 2.15 1 DSP48
13 13 13 4 1 0 0 2 3.88 1 DSP48
13 13 13 4 1 0 0 2 3.88 1 DSP48
13 13 13 5 1 0 0 2 3.88 1 DSP48
13 13 13 5 1 0 0 2 3.88 1 DSP48
13 13 13 6 1 0 0 2 3.88 1 DSP48
13 13 13 6 1 0 0 2 3.88 1 DSP48
13 13 13 7 1 0 0 1 6.48 1 DSP48
13 13 13 7 1 0 0 1 6.48 1 DSP48
13 13 13 8 1 0 0 0 7.18 1 DSP48
13 13 13 8 1 0 0 0 7.18 1 DSP48
13 13 13 9 1 0 0 0 7.18 1 DSP48
13 13 13 9 1 0 0 0 7.18 1 DSP48
13 13 13 10 1 0 0 0 7.18 1 DSP48
13 13 13 10 1 0 0 0 7.18 1 DSP48
13 13 13 12.5 1 0 0 0 7.18 1 DSP48
13 13 13 12.5 1 0 0 0 7.18 1 DSP48
13 13 13 15 1 0 0 0 7.18 1 DSP48
13 13 13 15 1 0 0 0 7.18 1 DSP48
14 14 14 3 1 0 0 3 2.15 1 DSP48
14 14 14 3 1 0 0 3 2.15 1 DSP48
14 14 14 4 1 0 0 2 3.88 1 DSP48
14 14 14 4 1 0 0 2 3.88 1 DSP48
14 14 14 5 1 0 0 2 3.88 1 DSP48
14 14 14 5 1 0 0 2 3.88 1 DSP48
14 14 14 6 1 0 0 2 3.88 1 DSP48
14 14 14 6 1 0 0 2 3.88 1 DSP48
14 14 14 7 1 0 0 1 6.48 1 DSP48
14 14 14 7 1 0 0 1 6.48 1 DSP48
14 14 14 8 1 0 0 0 7.18 1 DSP48
14 14 14 8 1 0 0 0 7.18 1 DSP48
14 14 14 9 1 0 0 0 7.18 1 DSP48
14 14 14 9 1 0 0 0 7.18 1 DSP48
14 14 14 10 1 0 0 0 7.18 1 DSP48
14 14 14 10 1 0 0 0 7.18 1 DSP48
14 14 14 12.5 1 0 0 0 7.18 1 DSP48
14 14 14 12.5 1 0 0 0 7.18 1 DSP48
14 14 14 15 1 0 0 0 7.18 1 DSP48
14 14 14 15 1 0 0 0 7.18 1 DSP48
15 15 15 3 1 0 0 3 2.15 1 DSP48
15 15 15 3 1 0 0 3 2.15 1 DSP48
15 15 15 4 1 0 0 2 3.88 1 DSP48
15 15 15 4 1 0 0 2 3.88 1 DSP48
15 15 15 5 1 0 0 2 3.88 1 DSP48
15 15 15 5 1 0 0 2 3.88 1 DSP48
15 15 15 6 1 0 0 2 3.88 1 DSP48
15 15 15 6 1 0 0 2 3.88 1 DSP48
15 15 15 7 1 0 0 1 6.48 1 DSP48
15 15 15 7 1 0 0 1 6.48 1 DSP48
15 15 15 8 1 0 0 0 7.18 1 DSP48
15 15 15 8 1 0 0 0 7.18 1 DSP48
15 15 15 9 1 0 0 0 7.18 1 DSP48
15 15 15 9 1 0 0 0 7.18 1 DSP48
15 15 15 10 1 0 0 0 7.18 1 DSP48
15 15 15 10 1 0 0 0 7.18 1 DSP48
15 15 15 12.5 1 0 0 0 7.18 1 DSP48
15 15 15 12.5 1 0 0 0 7.18 1 DSP48
15 15 15 15 1 0 0 0 7.18 1 DSP48
15 15 15 15 1 0 0 0 7.18 1 DSP48
16 16 16 3 1 0 0 3 2.15 1 DSP48
16 16 16 3 1 0 0 3 2.15 1 DSP48
16 16 16 4 1 0 0 2 3.88 1 DSP48
16 16 16 4 1 0 0 2 3.88 1 DSP48
16 16 16 5 1 0 0 2 3.88 1 DSP48
16 16 16 5 1 0 0 2 3.88 1 DSP48
16 16 16 6 1 0 0 2 3.88 1 DSP48
16 16 16 6 1 0 0 2 3.88 1 DSP48
16 16 16 7 1 0 0 1 6.48 1 DSP48
16 16 16 7 1 0 0 1 6.48 1 DSP48
16 16 16 8 1 0 0 0 7.18 1 DSP48
16 16 16 8 1 0 0 0 7.18 1 DSP48
16 16 16 9 1 0 0 0 7.18 1 DSP48
16 16 16 9 1 0 0 0 7.18 1 DSP48
16 16 16 10 1 0 0 0 7.18 1 DSP48
16 16 16 10 1 0 0 0 7.18 1 DSP48
16 16 16 12.5 1 0 0 0 7.18 1 DSP48
16 16 16 12.5 1 0 0 0 7.18 1 DSP48
16 16 16 15 1 0 0 0 7.18 1 DSP48
16 16 16 15 1 0 0 0 7.18 1 DSP48
17 17 17 3 1 0 0 3 2.15 1 DSP48
17 17 17 3 1 0 0 3 2.15 1 DSP48
17 17 17 4 1 0 0 2 3.88 1 DSP48
17 17 17 4 1 0 0 2 3.88 1 DSP48
17 17 17 5 1 0 0 2 3.88 1 DSP48
17 17 17 5 1 0 0 2 3.88 1 DSP48
17 17 17 6 1 0 0 2 3.88 1 DSP48
17 17 17 6 1 0 0 2 3.88 1 DSP48
17 17 17 7 1 0 0 1 6.48 1 DSP48
17 17 17 7 1 0 0 1 6.48 1 DSP48
17 17 17 8 1 0 0 0 7.18 1 DSP48
17 17 17 8 1 0 0 0 7.18 1 DSP48
17 17 17 9 1 0 0 0 7.18 1 DSP48
17 17 17 9 1 0 0 0 7.18 1 DSP48
17 17 17 10 1 0 0 0 7.18 1 DSP48
17 17 17 10 1 0 0 0 7.18 1 DSP48
17 17 17 12.5 1 0 0 0 7.18 1 DSP48
17 17 17 12.5 1 0 0 0 7.18 1 DSP48
17 17 17 15 1 0 0 0 7.18 1 DSP48
17 17 17 15 1 0 0 0 7.18 1 DSP48
18 18 18 3 1 0 0 3 2.15 1 DSP48
18 18 18 3 1 0 0 3 2.15 1 DSP48
18 18 18 4 1 0 0 2 3.88 1 DSP48
18 18 18 4 1 0 0 2 3.88 1 DSP48
18 18 18 5 1 0 0 2 3.88 1 DSP48
18 18 18 5 1 0 0 2 3.88 1 DSP48
18 18 18 6 1 0 0 2 3.88 1 DSP48
18 18 18 6 1 0 0 2 3.88 1 DSP48
18 18 18 7 1 0 0 1 6.48 1 DSP48
18 18 18 7 1 0 0 1 6.48 1 DSP48
18 18 18 8 1 0 0 0 7.18 1 DSP48
18 18 18 8 1 0 0 0 7.18 1 DSP48
18 18 18 9 1 0 0 0 7.18 1 DSP48
18 18 18 9 1 0 0 0 7.18 1 DSP48
18 18 18 10 1 0 0 0 7.18 1 DSP48
18 18 18 10 1 0 0 0 7.18 1 DSP48
18 18 18 12.5 1 0 0 0 7.18 1 DSP48
18 18 18 12.5 1 0 0 0 7.18 1 DSP48
18 18 18 15 1 0 0 0 7.18 1 DSP48
18 18 18 15 1 0 0 0 7.18 1 DSP48
