-1 -1 -1 3 11 613 687 17 2.75 1 DMul
-1 -1 -1 3 11 613 687 17 2.75 1 DMul
-1 -1 -1 4 11 586 687 16 3.38 1 DMul
-1 -1 -1 4 11 586 687 16 3.38 1 DMul
-1 -1 -1 5 11 456 605 9 4.35 1 DMul
-1 -1 -1 5 11 456 605 9 4.35 1 DMul
-1 -1 -1 6 11 456 605 9 4.35 1 DMul
-1 -1 -1 6 11 456 605 9 4.35 1 DMul
-1 -1 -1 7 11 397 588 7 5.67 1 DMul
-1 -1 -1 7 11 397 588 7 5.67 1 DMul
-1 -1 -1 8 11 342 576 6 6.67 1 DMul
-1 -1 -1 8 11 342 576 6 6.67 1 DMul
-1 -1 -1 9 11 317 575 5 7.79 1 DMul
-1 -1 -1 9 11 317 575 5 7.79 1 DMul
-1 -1 -1 10 11 317 575 5 7.79 1 DMul
-1 -1 -1 10 11 317 575 5 7.79 1 DMul
-1 -1 -1 12.5 11 299 566 4 9.9 1 DMul
-1 -1 -1 12.5 11 299 566 4 9.9 1 DMul
-1 -1 -1 15 11 299 566 4 9.9 1 DMul
-1 -1 -1 15 11 299 566 4 9.9 1 DMul
-1 -1 -1 16 11 275 566 3 13.8 1 DMul
-1 -1 -1 16 11 275 566 3 13.8 1 DMul
-1 -1 -1 17.5 11 275 566 3 13.8 1 DMul
-1 -1 -1 17.5 11 275 566 3 13.8 1 DMul
-1 -1 -1 20 11 275 566 3 13.8 1 DMul
-1 -1 -1 20 11 275 566 3 13.8 1 DMul
-1 -1 -1 25 11 275 566 3 13.8 1 DMul
-1 -1 -1 25 11 275 566 3 13.8 1 DMul
-1 -1 -1 30 11 275 566 3 13.8 1 DMul
-1 -1 -1 30 11 275 566 3 13.8 1 DMul
