-1 -1 -1 3 3 199 317 7 2.38 1 FMul
-1 -1 -1 3 3 199 317 7 2.38 1 FMul
-1 -1 -1 4 3 199 317 7 2.38 1 FMul
-1 -1 -1 4 3 199 317 7 2.38 1 FMul
-1 -1 -1 5 3 151 326 4 4.35 1 FMul
-1 -1 -1 5 3 151 326 4 4.35 1 FMul
-1 -1 -1 6 3 151 326 4 4.35 1 FMul
-1 -1 -1 6 3 151 326 4 4.35 1 FMul
-1 -1 -1 7 3 143 322 3 5.64 1 FMul
-1 -1 -1 7 3 143 322 3 5.64 1 FMul
-1 -1 -1 8 3 143 322 3 5.64 1 FMul
-1 -1 -1 8 3 143 322 3 5.64 1 FMul
-1 -1 -1 9 3 143 322 3 5.64 1 FMul
-1 -1 -1 9 3 143 322 3 5.64 1 FMul
-1 -1 -1 10 3 143 322 3 5.64 1 FMul
-1 -1 -1 10 3 143 322 3 5.64 1 FMul
-1 -1 -1 12.5 3 128 320 2 10.2 1 FMul
-1 -1 -1 12.5 3 128 320 2 10.2 1 FMul
-1 -1 -1 15 3 128 320 1 12.3 1 FMul
-1 -1 -1 15 3 128 320 1 12.3 1 FMul
-1 -1 -1 16 3 128 320 1 12.3 1 FMul
-1 -1 -1 16 3 128 320 1 12.3 1 FMul
-1 -1 -1 17.5 3 128 320 1 12.3 1 FMul
-1 -1 -1 17.5 3 128 320 1 12.3 1 FMul
-1 -1 -1 20 3 128 320 0 15.4 1 FMul
-1 -1 -1 20 3 128 320 0 15.4 1 FMul
-1 -1 -1 25 3 128 320 0 15.4 1 FMul
-1 -1 -1 25 3 128 320 0 15.4 1 FMul
-1 -1 -1 30 3 128 320 0 15.4 1 FMul
-1 -1 -1 30 3 128 320 0 15.4 1 FMul
