-1 -1 -1 3 0 272 612 4 0.0 1 ---
-1 -1 -1 3 0 272 612 4 0.0 1 ---
-1 -1 -1 4 0 272 612 4 0.0 1 ---
-1 -1 -1 4 0 272 612 4 0.0 1 ---
-1 -1 -1 5 0 271 612 3 0.0 1 ---
-1 -1 -1 5 0 271 612 3 0.0 1 ---
-1 -1 -1 6 0 263 603 3 0.0 1 ---
-1 -1 -1 6 0 263 603 3 0.0 1 ---
-1 -1 -1 7 0 263 603 2 0.0 1 ---
-1 -1 -1 7 0 263 603 2 0.0 1 ---
-1 -1 -1 8 0 135 585 1 0.0 1 ---
-1 -1 -1 8 0 135 585 1 0.0 1 ---
-1 -1 -1 9 0 130 585 0 0.0 1 ---
-1 -1 -1 9 0 130 585 0 0.0 1 ---
-1 -1 -1 10 0 130 585 0 0.0 1 ---
-1 -1 -1 10 0 130 585 0 0.0 1 ---
-1 -1 -1 12.5 0 130 585 0 0.0 1 ---
-1 -1 -1 12.5 0 130 585 0 0.0 1 ---
-1 -1 -1 15 0 130 585 0 0.0 1 ---
-1 -1 -1 15 0 130 585 0 0.0 1 ---
-1 -1 -1 16 0 130 585 0 0.0 1 ---
-1 -1 -1 16 0 130 585 0 0.0 1 ---
