-1 -1 -1 3 0 636 595 13 3.38 1 FAddSub_nodsp
-1 -1 -1 3 0 636 595 13 3.38 1 FAddSub_nodsp
-1 -1 -1 4 2 365 421 9 3.35 1 FAddSub
-1 -1 -1 4 2 365 421 9 3.35 1 FAddSub
-1 -1 -1 5 2 324 424 8 4.34 1 FAddSub
-1 -1 -1 5 2 324 424 8 4.34 1 FAddSub
-1 -1 -1 6 2 324 424 8 4.34 1 FAddSub
-1 -1 -1 6 2 324 424 8 4.34 1 FAddSub
-1 -1 -1 7 2 296 438 7 5.39 1 FAddSub
-1 -1 -1 7 2 296 438 7 5.39 1 FAddSub
-1 -1 -1 8 2 306 418 6 6.44 1 FAddSub
-1 -1 -1 8 2 306 418 6 6.44 1 FAddSub
-1 -1 -1 9 2 205 390 4 7.25 1 FAddSub
-1 -1 -1 9 2 205 390 4 7.25 1 FAddSub
-1 -1 -1 10 2 205 390 4 7.25 1 FAddSub
-1 -1 -1 10 2 205 390 4 7.25 1 FAddSub
-1 -1 -1 12.5 2 227 403 3 10.5 1 FAddSub
-1 -1 -1 12.5 2 227 403 3 10.5 1 FAddSub
-1 -1 -1 15 2 227 403 3 10.5 1 FAddSub
-1 -1 -1 15 2 227 403 3 10.5 1 FAddSub
-1 -1 -1 16 2 227 403 3 10.5 1 FAddSub
-1 -1 -1 16 2 227 403 3 10.5 1 FAddSub
-1 -1 -1 17.5 2 227 403 3 10.5 1 FAddSub
-1 -1 -1 17.5 2 227 403 3 10.5 1 FAddSub
-1 -1 -1 20 2 227 403 3 10.5 1 FAddSub
-1 -1 -1 20 2 227 403 3 10.5 1 FAddSub