4 4 4 3 0 438 553 7 6.13 1 Int2Float
4 4 4 3 0 438 553 7 6.13 1 Int2Float
4 4 4 4 0 438 553 7 6.13 1 Int2Float
4 4 4 4 0 438 553 7 6.13 1 Int2Float
4 4 4 5 0 438 553 7 6.13 1 Int2Float
4 4 4 5 0 438 553 7 6.13 1 Int2Float
4 4 4 6 0 438 553 7 6.13 1 Int2Float
4 4 4 6 0 438 553 7 6.13 1 Int2Float
4 4 4 7 0 406 550 6 6.12 1 Int2Float
4 4 4 7 0 406 550 6 6.12 1 Int2Float
4 4 4 8 0 340 554 5 6.18 1 Int2Float
4 4 4 8 0 340 554 5 6.18 1 Int2Float
4 4 4 9 0 340 554 5 6.18 1 Int2Float
4 4 4 9 0 340 554 5 6.18 1 Int2Float
4 4 4 10 0 229 549 4 8.09 1 Int2Float
4 4 4 10 0 229 549 4 8.09 1 Int2Float
4 4 4 12.5 0 168 522 3 9.89 1 Int2Float
4 4 4 12.5 0 168 522 3 9.89 1 Int2Float
4 4 4 15 0 168 522 3 9.89 1 Int2Float
4 4 4 15 0 168 522 3 9.89 1 Int2Float
4 4 4 16 0 168 522 3 9.89 1 Int2Float
4 4 4 16 0 168 522 3 9.89 1 Int2Float
4 4 4 17.5 0 128 519 2 14.3 1 Int2Float
4 4 4 17.5 0 128 519 2 14.3 1 Int2Float
4 4 4 20 0 128 519 1 17.2 1 Int2Float
4 4 4 20 0 128 519 1 17.2 1 Int2Float
4 4 4 25 0 128 519 0 21.5 1 Int2Float
4 4 4 25 0 128 519 0 21.5 1 Int2Float
4 4 4 30 0 128 519 0 21.5 1 Int2Float
4 4 4 30 0 128 519 0 21.5 1 Int2Float
6 6 6 3 0 438 553 7 6.13 1 Int2Float
6 6 6 3 0 438 553 7 6.13 1 Int2Float
6 6 6 4 0 438 553 7 6.13 1 Int2Float
6 6 6 4 0 438 553 7 6.13 1 Int2Float
6 6 6 5 0 438 553 7 6.13 1 Int2Float
6 6 6 5 0 438 553 7 6.13 1 Int2Float
6 6 6 6 0 438 553 7 6.13 1 Int2Float
6 6 6 6 0 438 553 7 6.13 1 Int2Float
6 6 6 7 0 406 550 6 6.12 1 Int2Float
6 6 6 7 0 406 550 6 6.12 1 Int2Float
6 6 6 8 0 340 554 5 6.18 1 Int2Float
6 6 6 8 0 340 554 5 6.18 1 Int2Float
6 6 6 9 0 340 554 5 6.18 1 Int2Float
6 6 6 9 0 340 554 5 6.18 1 Int2Float
6 6 6 10 0 229 549 4 8.09 1 Int2Float
6 6 6 10 0 229 549 4 8.09 1 Int2Float
6 6 6 12.5 0 168 522 3 9.89 1 Int2Float
6 6 6 12.5 0 168 522 3 9.89 1 Int2Float
6 6 6 15 0 168 522 3 9.89 1 Int2Float
6 6 6 15 0 168 522 3 9.89 1 Int2Float
6 6 6 16 0 168 522 3 9.89 1 Int2Float
6 6 6 16 0 168 522 3 9.89 1 Int2Float
6 6 6 17.5 0 128 519 2 14.3 1 Int2Float
6 6 6 17.5 0 128 519 2 14.3 1 Int2Float
6 6 6 20 0 128 519 1 17.2 1 Int2Float
6 6 6 20 0 128 519 1 17.2 1 Int2Float
6 6 6 25 0 128 519 0 21.5 1 Int2Float
6 6 6 25 0 128 519 0 21.5 1 Int2Float
6 6 6 30 0 128 519 0 21.5 1 Int2Float
6 6 6 30 0 128 519 0 21.5 1 Int2Float
8 8 8 3 0 438 553 7 6.13 1 Int2Float
8 8 8 3 0 438 553 7 6.13 1 Int2Float
8 8 8 4 0 438 553 7 6.13 1 Int2Float
8 8 8 4 0 438 553 7 6.13 1 Int2Float
8 8 8 5 0 438 553 7 6.13 1 Int2Float
8 8 8 5 0 438 553 7 6.13 1 Int2Float
8 8 8 6 0 438 553 7 6.13 1 Int2Float
8 8 8 6 0 438 553 7 6.13 1 Int2Float
8 8 8 7 0 406 550 6 6.12 1 Int2Float
8 8 8 7 0 406 550 6 6.12 1 Int2Float
8 8 8 8 0 340 554 5 6.18 1 Int2Float
8 8 8 8 0 340 554 5 6.18 1 Int2Float
8 8 8 9 0 340 554 5 6.18 1 Int2Float
8 8 8 9 0 340 554 5 6.18 1 Int2Float
8 8 8 10 0 229 549 4 8.09 1 Int2Float
8 8 8 10 0 229 549 4 8.09 1 Int2Float
8 8 8 12.5 0 168 522 3 9.89 1 Int2Float
8 8 8 12.5 0 168 522 3 9.89 1 Int2Float
8 8 8 15 0 168 522 3 9.89 1 Int2Float
8 8 8 15 0 168 522 3 9.89 1 Int2Float
8 8 8 16 0 168 522 3 9.89 1 Int2Float
8 8 8 16 0 168 522 3 9.89 1 Int2Float
8 8 8 17.5 0 128 519 2 14.3 1 Int2Float
8 8 8 17.5 0 128 519 2 14.3 1 Int2Float
8 8 8 20 0 128 519 1 17.2 1 Int2Float
8 8 8 20 0 128 519 1 17.2 1 Int2Float
8 8 8 25 0 128 519 0 21.5 1 Int2Float
8 8 8 25 0 128 519 0 21.5 1 Int2Float
8 8 8 30 0 128 519 0 21.5 1 Int2Float
8 8 8 30 0 128 519 0 21.5 1 Int2Float
10 10 10 3 0 438 553 7 6.13 1 Int2Float
10 10 10 3 0 438 553 7 6.13 1 Int2Float
10 10 10 4 0 438 553 7 6.13 1 Int2Float
10 10 10 4 0 438 553 7 6.13 1 Int2Float
10 10 10 5 0 438 553 7 6.13 1 Int2Float
10 10 10 5 0 438 553 7 6.13 1 Int2Float
10 10 10 6 0 438 553 7 6.13 1 Int2Float
10 10 10 6 0 438 553 7 6.13 1 Int2Float
10 10 10 7 0 406 550 6 6.12 1 Int2Float
10 10 10 7 0 406 550 6 6.12 1 Int2Float
10 10 10 8 0 340 554 5 6.18 1 Int2Float
10 10 10 8 0 340 554 5 6.18 1 Int2Float
10 10 10 9 0 340 554 5 6.18 1 Int2Float
10 10 10 9 0 340 554 5 6.18 1 Int2Float
10 10 10 10 0 229 549 4 8.09 1 Int2Float
10 10 10 10 0 229 549 4 8.09 1 Int2Float
10 10 10 12.5 0 168 522 3 9.89 1 Int2Float
10 10 10 12.5 0 168 522 3 9.89 1 Int2Float
10 10 10 15 0 168 522 3 9.89 1 Int2Float
10 10 10 15 0 168 522 3 9.89 1 Int2Float
10 10 10 16 0 168 522 3 9.89 1 Int2Float
10 10 10 16 0 168 522 3 9.89 1 Int2Float
10 10 10 17.5 0 128 519 2 14.3 1 Int2Float
10 10 10 17.5 0 128 519 2 14.3 1 Int2Float
10 10 10 20 0 128 519 1 17.2 1 Int2Float
10 10 10 20 0 128 519 1 17.2 1 Int2Float
10 10 10 25 0 128 519 0 21.5 1 Int2Float
10 10 10 25 0 128 519 0 21.5 1 Int2Float
10 10 10 30 0 128 519 0 21.5 1 Int2Float
10 10 10 30 0 128 519 0 21.5 1 Int2Float
44 44 44 3 0 438 553 7 6.13 1 Int2Float
44 44 44 3 0 438 553 7 6.13 1 Int2Float
44 44 44 4 0 438 553 7 6.13 1 Int2Float
44 44 44 4 0 438 553 7 6.13 1 Int2Float
44 44 44 5 0 438 553 7 6.13 1 Int2Float
44 44 44 5 0 438 553 7 6.13 1 Int2Float
44 44 44 6 0 438 553 7 6.13 1 Int2Float
44 44 44 6 0 438 553 7 6.13 1 Int2Float
44 44 44 7 0 406 550 6 6.12 1 Int2Float
44 44 44 7 0 406 550 6 6.12 1 Int2Float
44 44 44 8 0 340 554 5 6.18 1 Int2Float
44 44 44 8 0 340 554 5 6.18 1 Int2Float
44 44 44 9 0 340 554 5 6.18 1 Int2Float
44 44 44 9 0 340 554 5 6.18 1 Int2Float
44 44 44 10 0 229 549 4 8.09 1 Int2Float
44 44 44 10 0 229 549 4 8.09 1 Int2Float
44 44 44 12.5 0 168 522 3 9.89 1 Int2Float
44 44 44 12.5 0 168 522 3 9.89 1 Int2Float
44 44 44 15 0 168 522 3 9.89 1 Int2Float
44 44 44 15 0 168 522 3 9.89 1 Int2Float
44 44 44 16 0 168 522 3 9.89 1 Int2Float
44 44 44 16 0 168 522 3 9.89 1 Int2Float
44 44 44 17.5 0 128 519 2 14.3 1 Int2Float
44 44 44 17.5 0 128 519 2 14.3 1 Int2Float
44 44 44 20 0 128 519 1 17.2 1 Int2Float
44 44 44 20 0 128 519 1 17.2 1 Int2Float
44 44 44 25 0 128 519 0 21.5 1 Int2Float
44 44 44 25 0 128 519 0 21.5 1 Int2Float
44 44 44 30 0 128 519 0 21.5 1 Int2Float
44 44 44 30 0 128 519 0 21.5 1 Int2Float
46 46 46 3 0 438 553 7 6.13 1 Int2Float
46 46 46 3 0 438 553 7 6.13 1 Int2Float
46 46 46 4 0 438 553 7 6.13 1 Int2Float
46 46 46 4 0 438 553 7 6.13 1 Int2Float
46 46 46 5 0 438 553 7 6.13 1 Int2Float
46 46 46 5 0 438 553 7 6.13 1 Int2Float
46 46 46 6 0 438 553 7 6.13 1 Int2Float
46 46 46 6 0 438 553 7 6.13 1 Int2Float
46 46 46 7 0 406 550 6 6.12 1 Int2Float
46 46 46 7 0 406 550 6 6.12 1 Int2Float
46 46 46 8 0 340 554 5 6.18 1 Int2Float
46 46 46 8 0 340 554 5 6.18 1 Int2Float
46 46 46 9 0 340 554 5 6.18 1 Int2Float
46 46 46 9 0 340 554 5 6.18 1 Int2Float
46 46 46 10 0 229 549 4 8.09 1 Int2Float
46 46 46 10 0 229 549 4 8.09 1 Int2Float
46 46 46 12.5 0 168 522 3 9.89 1 Int2Float
46 46 46 12.5 0 168 522 3 9.89 1 Int2Float
46 46 46 15 0 168 522 3 9.89 1 Int2Float
46 46 46 15 0 168 522 3 9.89 1 Int2Float
46 46 46 16 0 168 522 3 9.89 1 Int2Float
46 46 46 16 0 168 522 3 9.89 1 Int2Float
46 46 46 17.5 0 128 519 2 14.3 1 Int2Float
46 46 46 17.5 0 128 519 2 14.3 1 Int2Float
46 46 46 20 0 128 519 1 17.2 1 Int2Float
46 46 46 20 0 128 519 1 17.2 1 Int2Float
46 46 46 25 0 128 519 0 21.5 1 Int2Float
46 46 46 25 0 128 519 0 21.5 1 Int2Float
46 46 46 30 0 128 519 0 21.5 1 Int2Float
46 46 46 30 0 128 519 0 21.5 1 Int2Float
48 48 48 3 0 438 553 7 6.13 1 Int2Float
48 48 48 3 0 438 553 7 6.13 1 Int2Float
48 48 48 4 0 438 553 7 6.13 1 Int2Float
48 48 48 4 0 438 553 7 6.13 1 Int2Float
48 48 48 5 0 438 553 7 6.13 1 Int2Float
48 48 48 5 0 438 553 7 6.13 1 Int2Float
48 48 48 6 0 438 553 7 6.13 1 Int2Float
48 48 48 6 0 438 553 7 6.13 1 Int2Float
48 48 48 7 0 406 550 6 6.12 1 Int2Float
48 48 48 7 0 406 550 6 6.12 1 Int2Float
48 48 48 8 0 340 554 5 6.18 1 Int2Float
48 48 48 8 0 340 554 5 6.18 1 Int2Float
48 48 48 9 0 340 554 5 6.18 1 Int2Float
48 48 48 9 0 340 554 5 6.18 1 Int2Float
48 48 48 10 0 229 549 4 8.09 1 Int2Float
48 48 48 10 0 229 549 4 8.09 1 Int2Float
48 48 48 12.5 0 168 522 3 9.89 1 Int2Float
48 48 48 12.5 0 168 522 3 9.89 1 Int2Float
48 48 48 15 0 168 522 3 9.89 1 Int2Float
48 48 48 15 0 168 522 3 9.89 1 Int2Float
48 48 48 16 0 168 522 3 9.89 1 Int2Float
48 48 48 16 0 168 522 3 9.89 1 Int2Float
48 48 48 17.5 0 128 519 2 14.3 1 Int2Float
48 48 48 17.5 0 128 519 2 14.3 1 Int2Float
48 48 48 20 0 128 519 1 17.2 1 Int2Float
48 48 48 20 0 128 519 1 17.2 1 Int2Float
48 48 48 25 0 128 519 0 21.5 1 Int2Float
48 48 48 25 0 128 519 0 21.5 1 Int2Float
48 48 48 30 0 128 519 0 21.5 1 Int2Float
48 48 48 30 0 128 519 0 21.5 1 Int2Float
50 50 50 3 0 438 553 7 6.13 1 Int2Float
50 50 50 3 0 438 553 7 6.13 1 Int2Float
50 50 50 4 0 438 553 7 6.13 1 Int2Float
50 50 50 4 0 438 553 7 6.13 1 Int2Float
50 50 50 5 0 438 553 7 6.13 1 Int2Float
50 50 50 5 0 438 553 7 6.13 1 Int2Float
50 50 50 6 0 438 553 7 6.13 1 Int2Float
50 50 50 6 0 438 553 7 6.13 1 Int2Float
50 50 50 7 0 406 550 6 6.12 1 Int2Float
50 50 50 7 0 406 550 6 6.12 1 Int2Float
50 50 50 8 0 340 554 5 6.18 1 Int2Float
50 50 50 8 0 340 554 5 6.18 1 Int2Float
50 50 50 9 0 340 554 5 6.18 1 Int2Float
50 50 50 9 0 340 554 5 6.18 1 Int2Float
50 50 50 10 0 229 549 4 8.09 1 Int2Float
50 50 50 10 0 229 549 4 8.09 1 Int2Float
50 50 50 12.5 0 168 522 3 9.89 1 Int2Float
50 50 50 12.5 0 168 522 3 9.89 1 Int2Float
50 50 50 15 0 168 522 3 9.89 1 Int2Float
50 50 50 15 0 168 522 3 9.89 1 Int2Float
50 50 50 16 0 168 522 3 9.89 1 Int2Float
50 50 50 16 0 168 522 3 9.89 1 Int2Float
50 50 50 17.5 0 128 519 2 14.3 1 Int2Float
50 50 50 17.5 0 128 519 2 14.3 1 Int2Float
50 50 50 20 0 128 519 1 17.2 1 Int2Float
50 50 50 20 0 128 519 1 17.2 1 Int2Float
50 50 50 25 0 128 519 0 21.5 1 Int2Float
50 50 50 25 0 128 519 0 21.5 1 Int2Float
50 50 50 30 0 128 519 0 21.5 1 Int2Float
50 50 50 30 0 128 519 0 21.5 1 Int2Float
52 52 52 3 0 438 553 7 6.13 1 Int2Float
52 52 52 3 0 438 553 7 6.13 1 Int2Float
52 52 52 4 0 438 553 7 6.13 1 Int2Float
52 52 52 4 0 438 553 7 6.13 1 Int2Float
52 52 52 5 0 438 553 7 6.13 1 Int2Float
52 52 52 5 0 438 553 7 6.13 1 Int2Float
52 52 52 6 0 438 553 7 6.13 1 Int2Float
52 52 52 6 0 438 553 7 6.13 1 Int2Float
52 52 52 7 0 406 550 6 6.12 1 Int2Float
52 52 52 7 0 406 550 6 6.12 1 Int2Float
52 52 52 8 0 340 554 5 6.18 1 Int2Float
52 52 52 8 0 340 554 5 6.18 1 Int2Float
52 52 52 9 0 340 554 5 6.18 1 Int2Float
52 52 52 9 0 340 554 5 6.18 1 Int2Float
52 52 52 10 0 229 549 4 8.09 1 Int2Float
52 52 52 10 0 229 549 4 8.09 1 Int2Float
52 52 52 12.5 0 168 522 3 9.89 1 Int2Float
52 52 52 12.5 0 168 522 3 9.89 1 Int2Float
52 52 52 15 0 168 522 3 9.89 1 Int2Float
52 52 52 15 0 168 522 3 9.89 1 Int2Float
52 52 52 16 0 168 522 3 9.89 1 Int2Float
52 52 52 16 0 168 522 3 9.89 1 Int2Float
52 52 52 17.5 0 128 519 2 14.3 1 Int2Float
52 52 52 17.5 0 128 519 2 14.3 1 Int2Float
52 52 52 20 0 128 519 1 17.2 1 Int2Float
52 52 52 20 0 128 519 1 17.2 1 Int2Float
52 52 52 25 0 128 519 0 21.5 1 Int2Float
52 52 52 25 0 128 519 0 21.5 1 Int2Float
52 52 52 30 0 128 519 0 21.5 1 Int2Float
52 52 52 30 0 128 519 0 21.5 1 Int2Float
54 54 54 3 0 438 553 7 6.13 1 Int2Float
54 54 54 3 0 438 553 7 6.13 1 Int2Float
54 54 54 4 0 438 553 7 6.13 1 Int2Float
54 54 54 4 0 438 553 7 6.13 1 Int2Float
54 54 54 5 0 438 553 7 6.13 1 Int2Float
54 54 54 5 0 438 553 7 6.13 1 Int2Float
54 54 54 6 0 438 553 7 6.13 1 Int2Float
54 54 54 6 0 438 553 7 6.13 1 Int2Float
54 54 54 7 0 406 550 6 6.12 1 Int2Float
54 54 54 7 0 406 550 6 6.12 1 Int2Float
54 54 54 8 0 340 554 5 6.18 1 Int2Float
54 54 54 8 0 340 554 5 6.18 1 Int2Float
54 54 54 9 0 340 554 5 6.18 1 Int2Float
54 54 54 9 0 340 554 5 6.18 1 Int2Float
54 54 54 10 0 229 549 4 8.09 1 Int2Float
54 54 54 10 0 229 549 4 8.09 1 Int2Float
54 54 54 12.5 0 168 522 3 9.89 1 Int2Float
54 54 54 12.5 0 168 522 3 9.89 1 Int2Float
54 54 54 15 0 168 522 3 9.89 1 Int2Float
54 54 54 15 0 168 522 3 9.89 1 Int2Float
54 54 54 16 0 168 522 3 9.89 1 Int2Float
54 54 54 16 0 168 522 3 9.89 1 Int2Float
54 54 54 17.5 0 128 519 2 14.3 1 Int2Float
54 54 54 17.5 0 128 519 2 14.3 1 Int2Float
54 54 54 20 0 128 519 1 17.2 1 Int2Float
54 54 54 20 0 128 519 1 17.2 1 Int2Float
54 54 54 25 0 128 519 0 21.5 1 Int2Float
54 54 54 25 0 128 519 0 21.5 1 Int2Float
54 54 54 30 0 128 519 0 21.5 1 Int2Float
54 54 54 30 0 128 519 0 21.5 1 Int2Float
56 56 56 3 0 438 553 7 6.13 1 Int2Float
56 56 56 3 0 438 553 7 6.13 1 Int2Float
56 56 56 4 0 438 553 7 6.13 1 Int2Float
56 56 56 4 0 438 553 7 6.13 1 Int2Float
56 56 56 5 0 438 553 7 6.13 1 Int2Float
56 56 56 5 0 438 553 7 6.13 1 Int2Float
56 56 56 6 0 438 553 7 6.13 1 Int2Float
56 56 56 6 0 438 553 7 6.13 1 Int2Float
56 56 56 7 0 406 550 6 6.12 1 Int2Float
56 56 56 7 0 406 550 6 6.12 1 Int2Float
56 56 56 8 0 340 554 5 6.18 1 Int2Float
56 56 56 8 0 340 554 5 6.18 1 Int2Float
56 56 56 9 0 340 554 5 6.18 1 Int2Float
56 56 56 9 0 340 554 5 6.18 1 Int2Float
56 56 56 10 0 229 549 4 8.09 1 Int2Float
56 56 56 10 0 229 549 4 8.09 1 Int2Float
56 56 56 12.5 0 168 522 3 9.89 1 Int2Float
56 56 56 12.5 0 168 522 3 9.89 1 Int2Float
56 56 56 15 0 168 522 3 9.89 1 Int2Float
56 56 56 15 0 168 522 3 9.89 1 Int2Float
56 56 56 16 0 168 522 3 9.89 1 Int2Float
56 56 56 16 0 168 522 3 9.89 1 Int2Float
56 56 56 17.5 0 128 519 2 14.3 1 Int2Float
56 56 56 17.5 0 128 519 2 14.3 1 Int2Float
56 56 56 20 0 128 519 1 17.2 1 Int2Float
56 56 56 20 0 128 519 1 17.2 1 Int2Float
56 56 56 25 0 128 519 0 21.5 1 Int2Float
56 56 56 25 0 128 519 0 21.5 1 Int2Float
56 56 56 30 0 128 519 0 21.5 1 Int2Float
56 56 56 30 0 128 519 0 21.5 1 Int2Float
58 58 58 3 0 438 553 7 6.13 1 Int2Float
58 58 58 3 0 438 553 7 6.13 1 Int2Float
58 58 58 4 0 438 553 7 6.13 1 Int2Float
58 58 58 4 0 438 553 7 6.13 1 Int2Float
58 58 58 5 0 438 553 7 6.13 1 Int2Float
58 58 58 5 0 438 553 7 6.13 1 Int2Float
58 58 58 6 0 438 553 7 6.13 1 Int2Float
58 58 58 6 0 438 553 7 6.13 1 Int2Float
58 58 58 7 0 406 550 6 6.12 1 Int2Float
58 58 58 7 0 406 550 6 6.12 1 Int2Float
58 58 58 8 0 340 554 5 6.18 1 Int2Float
58 58 58 8 0 340 554 5 6.18 1 Int2Float
58 58 58 9 0 340 554 5 6.18 1 Int2Float
58 58 58 9 0 340 554 5 6.18 1 Int2Float
58 58 58 10 0 229 549 4 8.09 1 Int2Float
58 58 58 10 0 229 549 4 8.09 1 Int2Float
58 58 58 12.5 0 168 522 3 9.89 1 Int2Float
58 58 58 12.5 0 168 522 3 9.89 1 Int2Float
58 58 58 15 0 168 522 3 9.89 1 Int2Float
58 58 58 15 0 168 522 3 9.89 1 Int2Float
58 58 58 16 0 168 522 3 9.89 1 Int2Float
58 58 58 16 0 168 522 3 9.89 1 Int2Float
58 58 58 17.5 0 128 519 2 14.3 1 Int2Float
58 58 58 17.5 0 128 519 2 14.3 1 Int2Float
58 58 58 20 0 128 519 1 17.2 1 Int2Float
58 58 58 20 0 128 519 1 17.2 1 Int2Float
58 58 58 25 0 128 519 0 21.5 1 Int2Float
58 58 58 25 0 128 519 0 21.5 1 Int2Float
58 58 58 30 0 128 519 0 21.5 1 Int2Float
58 58 58 30 0 128 519 0 21.5 1 Int2Float
60 60 60 3 0 438 553 7 6.13 1 Int2Float
60 60 60 3 0 438 553 7 6.13 1 Int2Float
60 60 60 4 0 438 553 7 6.13 1 Int2Float
60 60 60 4 0 438 553 7 6.13 1 Int2Float
60 60 60 5 0 438 553 7 6.13 1 Int2Float
60 60 60 5 0 438 553 7 6.13 1 Int2Float
60 60 60 6 0 438 553 7 6.13 1 Int2Float
60 60 60 6 0 438 553 7 6.13 1 Int2Float
60 60 60 7 0 406 550 6 6.12 1 Int2Float
60 60 60 7 0 406 550 6 6.12 1 Int2Float
60 60 60 8 0 340 554 5 6.18 1 Int2Float
60 60 60 8 0 340 554 5 6.18 1 Int2Float
60 60 60 9 0 340 554 5 6.18 1 Int2Float
60 60 60 9 0 340 554 5 6.18 1 Int2Float
60 60 60 10 0 229 549 4 8.09 1 Int2Float
60 60 60 10 0 229 549 4 8.09 1 Int2Float
60 60 60 12.5 0 168 522 3 9.89 1 Int2Float
60 60 60 12.5 0 168 522 3 9.89 1 Int2Float
60 60 60 15 0 168 522 3 9.89 1 Int2Float
60 60 60 15 0 168 522 3 9.89 1 Int2Float
60 60 60 16 0 168 522 3 9.89 1 Int2Float
60 60 60 16 0 168 522 3 9.89 1 Int2Float
60 60 60 17.5 0 128 519 2 14.3 1 Int2Float
60 60 60 17.5 0 128 519 2 14.3 1 Int2Float
60 60 60 20 0 128 519 1 17.2 1 Int2Float
60 60 60 20 0 128 519 1 17.2 1 Int2Float
60 60 60 25 0 128 519 0 21.5 1 Int2Float
60 60 60 25 0 128 519 0 21.5 1 Int2Float
60 60 60 30 0 128 519 0 21.5 1 Int2Float
60 60 60 30 0 128 519 0 21.5 1 Int2Float
62 62 62 3 0 438 553 7 6.13 1 Int2Float
62 62 62 3 0 438 553 7 6.13 1 Int2Float
62 62 62 4 0 438 553 7 6.13 1 Int2Float
62 62 62 4 0 438 553 7 6.13 1 Int2Float
62 62 62 5 0 438 553 7 6.13 1 Int2Float
62 62 62 5 0 438 553 7 6.13 1 Int2Float
62 62 62 6 0 438 553 7 6.13 1 Int2Float
62 62 62 6 0 438 553 7 6.13 1 Int2Float
62 62 62 7 0 406 550 6 6.12 1 Int2Float
62 62 62 7 0 406 550 6 6.12 1 Int2Float
62 62 62 8 0 340 554 5 6.18 1 Int2Float
62 62 62 8 0 340 554 5 6.18 1 Int2Float
62 62 62 9 0 340 554 5 6.18 1 Int2Float
62 62 62 9 0 340 554 5 6.18 1 Int2Float
62 62 62 10 0 229 549 4 8.09 1 Int2Float
62 62 62 10 0 229 549 4 8.09 1 Int2Float
62 62 62 12.5 0 168 522 3 9.89 1 Int2Float
62 62 62 12.5 0 168 522 3 9.89 1 Int2Float
62 62 62 15 0 168 522 3 9.89 1 Int2Float
62 62 62 15 0 168 522 3 9.89 1 Int2Float
62 62 62 16 0 168 522 3 9.89 1 Int2Float
62 62 62 16 0 168 522 3 9.89 1 Int2Float
62 62 62 17.5 0 128 519 2 14.3 1 Int2Float
62 62 62 17.5 0 128 519 2 14.3 1 Int2Float
62 62 62 20 0 128 519 1 17.2 1 Int2Float
62 62 62 20 0 128 519 1 17.2 1 Int2Float
62 62 62 25 0 128 519 0 21.5 1 Int2Float
62 62 62 25 0 128 519 0 21.5 1 Int2Float
62 62 62 30 0 128 519 0 21.5 1 Int2Float
62 62 62 30 0 128 519 0 21.5 1 Int2Float
64 64 64 3 0 438 553 7 6.13 1 Int2Float
64 64 64 3 0 438 553 7 6.13 1 Int2Float
64 64 64 4 0 438 553 7 6.13 1 Int2Float
64 64 64 4 0 438 553 7 6.13 1 Int2Float
64 64 64 5 0 438 553 7 6.13 1 Int2Float
64 64 64 5 0 438 553 7 6.13 1 Int2Float
64 64 64 6 0 438 553 7 6.13 1 Int2Float
64 64 64 6 0 438 553 7 6.13 1 Int2Float
64 64 64 7 0 406 550 6 6.12 1 Int2Float
64 64 64 7 0 406 550 6 6.12 1 Int2Float
64 64 64 8 0 340 554 5 6.18 1 Int2Float
64 64 64 8 0 340 554 5 6.18 1 Int2Float
64 64 64 9 0 340 554 5 6.18 1 Int2Float
64 64 64 9 0 340 554 5 6.18 1 Int2Float
64 64 64 10 0 229 549 4 8.09 1 Int2Float
64 64 64 10 0 229 549 4 8.09 1 Int2Float
64 64 64 12.5 0 168 522 3 9.89 1 Int2Float
64 64 64 12.5 0 168 522 3 9.89 1 Int2Float
64 64 64 15 0 168 522 3 9.89 1 Int2Float
64 64 64 15 0 168 522 3 9.89 1 Int2Float
64 64 64 16 0 168 522 3 9.89 1 Int2Float
64 64 64 16 0 168 522 3 9.89 1 Int2Float
64 64 64 17.5 0 128 519 2 14.3 1 Int2Float
64 64 64 17.5 0 128 519 2 14.3 1 Int2Float
64 64 64 20 0 128 519 1 17.2 1 Int2Float
64 64 64 20 0 128 519 1 17.2 1 Int2Float
64 64 64 25 0 128 519 0 21.5 1 Int2Float
64 64 64 25 0 128 519 0 21.5 1 Int2Float
64 64 64 30 0 128 519 0 21.5 1 Int2Float
64 64 64 30 0 128 519 0 21.5 1 Int2Float
12 12 12 3 0 438 553 7 6.13 1 Int2Float
12 12 12 3 0 438 553 7 6.13 1 Int2Float
12 12 12 4 0 438 553 7 6.13 1 Int2Float
12 12 12 4 0 438 553 7 6.13 1 Int2Float
12 12 12 5 0 438 553 7 6.13 1 Int2Float
12 12 12 5 0 438 553 7 6.13 1 Int2Float
12 12 12 6 0 438 553 7 6.13 1 Int2Float
12 12 12 6 0 438 553 7 6.13 1 Int2Float
12 12 12 7 0 406 550 6 6.12 1 Int2Float
12 12 12 7 0 406 550 6 6.12 1 Int2Float
12 12 12 8 0 340 554 5 6.18 1 Int2Float
12 12 12 8 0 340 554 5 6.18 1 Int2Float
12 12 12 9 0 340 554 5 6.18 1 Int2Float
12 12 12 9 0 340 554 5 6.18 1 Int2Float
12 12 12 10 0 229 549 4 8.09 1 Int2Float
12 12 12 10 0 229 549 4 8.09 1 Int2Float
12 12 12 12.5 0 168 522 3 9.89 1 Int2Float
12 12 12 12.5 0 168 522 3 9.89 1 Int2Float
12 12 12 15 0 168 522 3 9.89 1 Int2Float
12 12 12 15 0 168 522 3 9.89 1 Int2Float
12 12 12 16 0 168 522 3 9.89 1 Int2Float
12 12 12 16 0 168 522 3 9.89 1 Int2Float
12 12 12 17.5 0 128 519 2 14.3 1 Int2Float
12 12 12 17.5 0 128 519 2 14.3 1 Int2Float
12 12 12 20 0 128 519 1 17.2 1 Int2Float
12 12 12 20 0 128 519 1 17.2 1 Int2Float
12 12 12 25 0 128 519 0 21.5 1 Int2Float
12 12 12 25 0 128 519 0 21.5 1 Int2Float
12 12 12 30 0 128 519 0 21.5 1 Int2Float
12 12 12 30 0 128 519 0 21.5 1 Int2Float
14 14 14 3 0 438 553 7 6.13 1 Int2Float
14 14 14 3 0 438 553 7 6.13 1 Int2Float
14 14 14 4 0 438 553 7 6.13 1 Int2Float
14 14 14 4 0 438 553 7 6.13 1 Int2Float
14 14 14 5 0 438 553 7 6.13 1 Int2Float
14 14 14 5 0 438 553 7 6.13 1 Int2Float
14 14 14 6 0 438 553 7 6.13 1 Int2Float
14 14 14 6 0 438 553 7 6.13 1 Int2Float
14 14 14 7 0 406 550 6 6.12 1 Int2Float
14 14 14 7 0 406 550 6 6.12 1 Int2Float
14 14 14 8 0 340 554 5 6.18 1 Int2Float
14 14 14 8 0 340 554 5 6.18 1 Int2Float
14 14 14 9 0 340 554 5 6.18 1 Int2Float
14 14 14 9 0 340 554 5 6.18 1 Int2Float
14 14 14 10 0 229 549 4 8.09 1 Int2Float
14 14 14 10 0 229 549 4 8.09 1 Int2Float
14 14 14 12.5 0 168 522 3 9.89 1 Int2Float
14 14 14 12.5 0 168 522 3 9.89 1 Int2Float
14 14 14 15 0 168 522 3 9.89 1 Int2Float
14 14 14 15 0 168 522 3 9.89 1 Int2Float
14 14 14 16 0 168 522 3 9.89 1 Int2Float
14 14 14 16 0 168 522 3 9.89 1 Int2Float
14 14 14 17.5 0 128 519 2 14.3 1 Int2Float
14 14 14 17.5 0 128 519 2 14.3 1 Int2Float
14 14 14 20 0 128 519 1 17.2 1 Int2Float
14 14 14 20 0 128 519 1 17.2 1 Int2Float
14 14 14 25 0 128 519 0 21.5 1 Int2Float
14 14 14 25 0 128 519 0 21.5 1 Int2Float
14 14 14 30 0 128 519 0 21.5 1 Int2Float
14 14 14 30 0 128 519 0 21.5 1 Int2Float
16 16 16 3 0 438 553 7 6.13 1 Int2Float
16 16 16 3 0 438 553 7 6.13 1 Int2Float
16 16 16 4 0 438 553 7 6.13 1 Int2Float
16 16 16 4 0 438 553 7 6.13 1 Int2Float
16 16 16 5 0 438 553 7 6.13 1 Int2Float
16 16 16 5 0 438 553 7 6.13 1 Int2Float
16 16 16 6 0 438 553 7 6.13 1 Int2Float
16 16 16 6 0 438 553 7 6.13 1 Int2Float
16 16 16 7 0 406 550 6 6.12 1 Int2Float
16 16 16 7 0 406 550 6 6.12 1 Int2Float
16 16 16 8 0 340 554 5 6.18 1 Int2Float
16 16 16 8 0 340 554 5 6.18 1 Int2Float
16 16 16 9 0 340 554 5 6.18 1 Int2Float
16 16 16 9 0 340 554 5 6.18 1 Int2Float
16 16 16 10 0 229 549 4 8.09 1 Int2Float
16 16 16 10 0 229 549 4 8.09 1 Int2Float
16 16 16 12.5 0 168 522 3 9.89 1 Int2Float
16 16 16 12.5 0 168 522 3 9.89 1 Int2Float
16 16 16 15 0 168 522 3 9.89 1 Int2Float
16 16 16 15 0 168 522 3 9.89 1 Int2Float
16 16 16 16 0 168 522 3 9.89 1 Int2Float
16 16 16 16 0 168 522 3 9.89 1 Int2Float
16 16 16 17.5 0 128 519 2 14.3 1 Int2Float
16 16 16 17.5 0 128 519 2 14.3 1 Int2Float
16 16 16 20 0 128 519 1 17.2 1 Int2Float
16 16 16 20 0 128 519 1 17.2 1 Int2Float
16 16 16 25 0 128 519 0 21.5 1 Int2Float
16 16 16 25 0 128 519 0 21.5 1 Int2Float
16 16 16 30 0 128 519 0 21.5 1 Int2Float
16 16 16 30 0 128 519 0 21.5 1 Int2Float
18 18 18 3 0 438 553 7 6.13 1 Int2Float
18 18 18 3 0 438 553 7 6.13 1 Int2Float
18 18 18 4 0 438 553 7 6.13 1 Int2Float
18 18 18 4 0 438 553 7 6.13 1 Int2Float
18 18 18 5 0 438 553 7 6.13 1 Int2Float
18 18 18 5 0 438 553 7 6.13 1 Int2Float
18 18 18 6 0 438 553 7 6.13 1 Int2Float
18 18 18 6 0 438 553 7 6.13 1 Int2Float
18 18 18 7 0 406 550 6 6.12 1 Int2Float
18 18 18 7 0 406 550 6 6.12 1 Int2Float
18 18 18 8 0 340 554 5 6.18 1 Int2Float
18 18 18 8 0 340 554 5 6.18 1 Int2Float
18 18 18 9 0 340 554 5 6.18 1 Int2Float
18 18 18 9 0 340 554 5 6.18 1 Int2Float
18 18 18 10 0 229 549 4 8.09 1 Int2Float
18 18 18 10 0 229 549 4 8.09 1 Int2Float
18 18 18 12.5 0 168 522 3 9.89 1 Int2Float
18 18 18 12.5 0 168 522 3 9.89 1 Int2Float
18 18 18 15 0 168 522 3 9.89 1 Int2Float
18 18 18 15 0 168 522 3 9.89 1 Int2Float
18 18 18 16 0 168 522 3 9.89 1 Int2Float
18 18 18 16 0 168 522 3 9.89 1 Int2Float
18 18 18 17.5 0 128 519 2 14.3 1 Int2Float
18 18 18 17.5 0 128 519 2 14.3 1 Int2Float
18 18 18 20 0 128 519 1 17.2 1 Int2Float
18 18 18 20 0 128 519 1 17.2 1 Int2Float
18 18 18 25 0 128 519 0 21.5 1 Int2Float
18 18 18 25 0 128 519 0 21.5 1 Int2Float
18 18 18 30 0 128 519 0 21.5 1 Int2Float
18 18 18 30 0 128 519 0 21.5 1 Int2Float
20 20 20 3 0 438 553 7 6.13 1 Int2Float
20 20 20 3 0 438 553 7 6.13 1 Int2Float
20 20 20 4 0 438 553 7 6.13 1 Int2Float
20 20 20 4 0 438 553 7 6.13 1 Int2Float
20 20 20 5 0 438 553 7 6.13 1 Int2Float
20 20 20 5 0 438 553 7 6.13 1 Int2Float
20 20 20 6 0 438 553 7 6.13 1 Int2Float
20 20 20 6 0 438 553 7 6.13 1 Int2Float
20 20 20 7 0 406 550 6 6.12 1 Int2Float
20 20 20 7 0 406 550 6 6.12 1 Int2Float
20 20 20 8 0 340 554 5 6.18 1 Int2Float
20 20 20 8 0 340 554 5 6.18 1 Int2Float
20 20 20 9 0 340 554 5 6.18 1 Int2Float
20 20 20 9 0 340 554 5 6.18 1 Int2Float
20 20 20 10 0 229 549 4 8.09 1 Int2Float
20 20 20 10 0 229 549 4 8.09 1 Int2Float
20 20 20 12.5 0 168 522 3 9.89 1 Int2Float
20 20 20 12.5 0 168 522 3 9.89 1 Int2Float
20 20 20 15 0 168 522 3 9.89 1 Int2Float
20 20 20 15 0 168 522 3 9.89 1 Int2Float
20 20 20 16 0 168 522 3 9.89 1 Int2Float
20 20 20 16 0 168 522 3 9.89 1 Int2Float
20 20 20 17.5 0 128 519 2 14.3 1 Int2Float
20 20 20 17.5 0 128 519 2 14.3 1 Int2Float
20 20 20 20 0 128 519 1 17.2 1 Int2Float
20 20 20 20 0 128 519 1 17.2 1 Int2Float
20 20 20 25 0 128 519 0 21.5 1 Int2Float
20 20 20 25 0 128 519 0 21.5 1 Int2Float
20 20 20 30 0 128 519 0 21.5 1 Int2Float
20 20 20 30 0 128 519 0 21.5 1 Int2Float
22 22 22 3 0 438 553 7 6.13 1 Int2Float
22 22 22 3 0 438 553 7 6.13 1 Int2Float
22 22 22 4 0 438 553 7 6.13 1 Int2Float
22 22 22 4 0 438 553 7 6.13 1 Int2Float
22 22 22 5 0 438 553 7 6.13 1 Int2Float
22 22 22 5 0 438 553 7 6.13 1 Int2Float
22 22 22 6 0 438 553 7 6.13 1 Int2Float
22 22 22 6 0 438 553 7 6.13 1 Int2Float
22 22 22 7 0 406 550 6 6.12 1 Int2Float
22 22 22 7 0 406 550 6 6.12 1 Int2Float
22 22 22 8 0 340 554 5 6.18 1 Int2Float
22 22 22 8 0 340 554 5 6.18 1 Int2Float
22 22 22 9 0 340 554 5 6.18 1 Int2Float
22 22 22 9 0 340 554 5 6.18 1 Int2Float
22 22 22 10 0 229 549 4 8.09 1 Int2Float
22 22 22 10 0 229 549 4 8.09 1 Int2Float
22 22 22 12.5 0 168 522 3 9.89 1 Int2Float
22 22 22 12.5 0 168 522 3 9.89 1 Int2Float
22 22 22 15 0 168 522 3 9.89 1 Int2Float
22 22 22 15 0 168 522 3 9.89 1 Int2Float
22 22 22 16 0 168 522 3 9.89 1 Int2Float
22 22 22 16 0 168 522 3 9.89 1 Int2Float
22 22 22 17.5 0 128 519 2 14.3 1 Int2Float
22 22 22 17.5 0 128 519 2 14.3 1 Int2Float
22 22 22 20 0 128 519 1 17.2 1 Int2Float
22 22 22 20 0 128 519 1 17.2 1 Int2Float
22 22 22 25 0 128 519 0 21.5 1 Int2Float
22 22 22 25 0 128 519 0 21.5 1 Int2Float
22 22 22 30 0 128 519 0 21.5 1 Int2Float
22 22 22 30 0 128 519 0 21.5 1 Int2Float
24 24 24 3 0 438 553 7 6.13 1 Int2Float
24 24 24 3 0 438 553 7 6.13 1 Int2Float
24 24 24 4 0 438 553 7 6.13 1 Int2Float
24 24 24 4 0 438 553 7 6.13 1 Int2Float
24 24 24 5 0 438 553 7 6.13 1 Int2Float
24 24 24 5 0 438 553 7 6.13 1 Int2Float
24 24 24 6 0 438 553 7 6.13 1 Int2Float
24 24 24 6 0 438 553 7 6.13 1 Int2Float
24 24 24 7 0 406 550 6 6.12 1 Int2Float
24 24 24 7 0 406 550 6 6.12 1 Int2Float
24 24 24 8 0 340 554 5 6.18 1 Int2Float
24 24 24 8 0 340 554 5 6.18 1 Int2Float
24 24 24 9 0 340 554 5 6.18 1 Int2Float
24 24 24 9 0 340 554 5 6.18 1 Int2Float
24 24 24 10 0 229 549 4 8.09 1 Int2Float
24 24 24 10 0 229 549 4 8.09 1 Int2Float
24 24 24 12.5 0 168 522 3 9.89 1 Int2Float
24 24 24 12.5 0 168 522 3 9.89 1 Int2Float
24 24 24 15 0 168 522 3 9.89 1 Int2Float
24 24 24 15 0 168 522 3 9.89 1 Int2Float
24 24 24 16 0 168 522 3 9.89 1 Int2Float
24 24 24 16 0 168 522 3 9.89 1 Int2Float
24 24 24 17.5 0 128 519 2 14.3 1 Int2Float
24 24 24 17.5 0 128 519 2 14.3 1 Int2Float
24 24 24 20 0 128 519 1 17.2 1 Int2Float
24 24 24 20 0 128 519 1 17.2 1 Int2Float
24 24 24 25 0 128 519 0 21.5 1 Int2Float
24 24 24 25 0 128 519 0 21.5 1 Int2Float
24 24 24 30 0 128 519 0 21.5 1 Int2Float
24 24 24 30 0 128 519 0 21.5 1 Int2Float
26 26 26 3 0 438 553 7 6.13 1 Int2Float
26 26 26 3 0 438 553 7 6.13 1 Int2Float
26 26 26 4 0 438 553 7 6.13 1 Int2Float
26 26 26 4 0 438 553 7 6.13 1 Int2Float
26 26 26 5 0 438 553 7 6.13 1 Int2Float
26 26 26 5 0 438 553 7 6.13 1 Int2Float
26 26 26 6 0 438 553 7 6.13 1 Int2Float
26 26 26 6 0 438 553 7 6.13 1 Int2Float
26 26 26 7 0 406 550 6 6.12 1 Int2Float
26 26 26 7 0 406 550 6 6.12 1 Int2Float
26 26 26 8 0 340 554 5 6.18 1 Int2Float
26 26 26 8 0 340 554 5 6.18 1 Int2Float
26 26 26 9 0 340 554 5 6.18 1 Int2Float
26 26 26 9 0 340 554 5 6.18 1 Int2Float
26 26 26 10 0 229 549 4 8.09 1 Int2Float
26 26 26 10 0 229 549 4 8.09 1 Int2Float
26 26 26 12.5 0 168 522 3 9.89 1 Int2Float
26 26 26 12.5 0 168 522 3 9.89 1 Int2Float
26 26 26 15 0 168 522 3 9.89 1 Int2Float
26 26 26 15 0 168 522 3 9.89 1 Int2Float
26 26 26 16 0 168 522 3 9.89 1 Int2Float
26 26 26 16 0 168 522 3 9.89 1 Int2Float
26 26 26 17.5 0 128 519 2 14.3 1 Int2Float
26 26 26 17.5 0 128 519 2 14.3 1 Int2Float
26 26 26 20 0 128 519 1 17.2 1 Int2Float
26 26 26 20 0 128 519 1 17.2 1 Int2Float
26 26 26 25 0 128 519 0 21.5 1 Int2Float
26 26 26 25 0 128 519 0 21.5 1 Int2Float
26 26 26 30 0 128 519 0 21.5 1 Int2Float
26 26 26 30 0 128 519 0 21.5 1 Int2Float
28 28 28 3 0 438 553 7 6.13 1 Int2Float
28 28 28 3 0 438 553 7 6.13 1 Int2Float
28 28 28 4 0 438 553 7 6.13 1 Int2Float
28 28 28 4 0 438 553 7 6.13 1 Int2Float
28 28 28 5 0 438 553 7 6.13 1 Int2Float
28 28 28 5 0 438 553 7 6.13 1 Int2Float
28 28 28 6 0 438 553 7 6.13 1 Int2Float
28 28 28 6 0 438 553 7 6.13 1 Int2Float
28 28 28 7 0 406 550 6 6.12 1 Int2Float
28 28 28 7 0 406 550 6 6.12 1 Int2Float
28 28 28 8 0 340 554 5 6.18 1 Int2Float
28 28 28 8 0 340 554 5 6.18 1 Int2Float
28 28 28 9 0 340 554 5 6.18 1 Int2Float
28 28 28 9 0 340 554 5 6.18 1 Int2Float
28 28 28 10 0 229 549 4 8.09 1 Int2Float
28 28 28 10 0 229 549 4 8.09 1 Int2Float
28 28 28 12.5 0 168 522 3 9.89 1 Int2Float
28 28 28 12.5 0 168 522 3 9.89 1 Int2Float
28 28 28 15 0 168 522 3 9.89 1 Int2Float
28 28 28 15 0 168 522 3 9.89 1 Int2Float
28 28 28 16 0 168 522 3 9.89 1 Int2Float
28 28 28 16 0 168 522 3 9.89 1 Int2Float
28 28 28 17.5 0 128 519 2 14.3 1 Int2Float
28 28 28 17.5 0 128 519 2 14.3 1 Int2Float
28 28 28 20 0 128 519 1 17.2 1 Int2Float
28 28 28 20 0 128 519 1 17.2 1 Int2Float
28 28 28 25 0 128 519 0 21.5 1 Int2Float
28 28 28 25 0 128 519 0 21.5 1 Int2Float
28 28 28 30 0 128 519 0 21.5 1 Int2Float
28 28 28 30 0 128 519 0 21.5 1 Int2Float
30 30 30 3 0 438 553 7 6.13 1 Int2Float
30 30 30 3 0 438 553 7 6.13 1 Int2Float
30 30 30 4 0 438 553 7 6.13 1 Int2Float
30 30 30 4 0 438 553 7 6.13 1 Int2Float
30 30 30 5 0 438 553 7 6.13 1 Int2Float
30 30 30 5 0 438 553 7 6.13 1 Int2Float
30 30 30 6 0 438 553 7 6.13 1 Int2Float
30 30 30 6 0 438 553 7 6.13 1 Int2Float
30 30 30 7 0 406 550 6 6.12 1 Int2Float
30 30 30 7 0 406 550 6 6.12 1 Int2Float
30 30 30 8 0 340 554 5 6.18 1 Int2Float
30 30 30 8 0 340 554 5 6.18 1 Int2Float
30 30 30 9 0 340 554 5 6.18 1 Int2Float
30 30 30 9 0 340 554 5 6.18 1 Int2Float
30 30 30 10 0 229 549 4 8.09 1 Int2Float
30 30 30 10 0 229 549 4 8.09 1 Int2Float
30 30 30 12.5 0 168 522 3 9.89 1 Int2Float
30 30 30 12.5 0 168 522 3 9.89 1 Int2Float
30 30 30 15 0 168 522 3 9.89 1 Int2Float
30 30 30 15 0 168 522 3 9.89 1 Int2Float
30 30 30 16 0 168 522 3 9.89 1 Int2Float
30 30 30 16 0 168 522 3 9.89 1 Int2Float
30 30 30 17.5 0 128 519 2 14.3 1 Int2Float
30 30 30 17.5 0 128 519 2 14.3 1 Int2Float
30 30 30 20 0 128 519 1 17.2 1 Int2Float
30 30 30 20 0 128 519 1 17.2 1 Int2Float
30 30 30 25 0 128 519 0 21.5 1 Int2Float
30 30 30 25 0 128 519 0 21.5 1 Int2Float
30 30 30 30 0 128 519 0 21.5 1 Int2Float
30 30 30 30 0 128 519 0 21.5 1 Int2Float
32 32 32 3 0 438 553 7 6.13 1 Int2Float
32 32 32 3 0 438 553 7 6.13 1 Int2Float
32 32 32 4 0 438 553 7 6.13 1 Int2Float
32 32 32 4 0 438 553 7 6.13 1 Int2Float
32 32 32 5 0 438 553 7 6.13 1 Int2Float
32 32 32 5 0 438 553 7 6.13 1 Int2Float
32 32 32 6 0 438 553 7 6.13 1 Int2Float
32 32 32 6 0 438 553 7 6.13 1 Int2Float
32 32 32 7 0 406 550 6 6.12 1 Int2Float
32 32 32 7 0 406 550 6 6.12 1 Int2Float
32 32 32 8 0 340 554 5 6.18 1 Int2Float
32 32 32 8 0 340 554 5 6.18 1 Int2Float
32 32 32 9 0 340 554 5 6.18 1 Int2Float
32 32 32 9 0 340 554 5 6.18 1 Int2Float
32 32 32 10 0 229 549 4 8.09 1 Int2Float
32 32 32 10 0 229 549 4 8.09 1 Int2Float
32 32 32 12.5 0 168 522 3 9.89 1 Int2Float
32 32 32 12.5 0 168 522 3 9.89 1 Int2Float
32 32 32 15 0 168 522 3 9.89 1 Int2Float
32 32 32 15 0 168 522 3 9.89 1 Int2Float
32 32 32 16 0 168 522 3 9.89 1 Int2Float
32 32 32 16 0 168 522 3 9.89 1 Int2Float
32 32 32 17.5 0 128 519 2 14.3 1 Int2Float
32 32 32 17.5 0 128 519 2 14.3 1 Int2Float
32 32 32 20 0 128 519 1 17.2 1 Int2Float
32 32 32 20 0 128 519 1 17.2 1 Int2Float
32 32 32 25 0 128 519 0 21.5 1 Int2Float
32 32 32 25 0 128 519 0 21.5 1 Int2Float
32 32 32 30 0 128 519 0 21.5 1 Int2Float
32 32 32 30 0 128 519 0 21.5 1 Int2Float
34 34 34 3 0 438 553 7 6.13 1 Int2Float
34 34 34 3 0 438 553 7 6.13 1 Int2Float
34 34 34 4 0 438 553 7 6.13 1 Int2Float
34 34 34 4 0 438 553 7 6.13 1 Int2Float
34 34 34 5 0 438 553 7 6.13 1 Int2Float
34 34 34 5 0 438 553 7 6.13 1 Int2Float
34 34 34 6 0 438 553 7 6.13 1 Int2Float
34 34 34 6 0 438 553 7 6.13 1 Int2Float
34 34 34 7 0 406 550 6 6.12 1 Int2Float
34 34 34 7 0 406 550 6 6.12 1 Int2Float
34 34 34 8 0 340 554 5 6.18 1 Int2Float
34 34 34 8 0 340 554 5 6.18 1 Int2Float
34 34 34 9 0 340 554 5 6.18 1 Int2Float
34 34 34 9 0 340 554 5 6.18 1 Int2Float
34 34 34 10 0 229 549 4 8.09 1 Int2Float
34 34 34 10 0 229 549 4 8.09 1 Int2Float
34 34 34 12.5 0 168 522 3 9.89 1 Int2Float
34 34 34 12.5 0 168 522 3 9.89 1 Int2Float
34 34 34 15 0 168 522 3 9.89 1 Int2Float
34 34 34 15 0 168 522 3 9.89 1 Int2Float
34 34 34 16 0 168 522 3 9.89 1 Int2Float
34 34 34 16 0 168 522 3 9.89 1 Int2Float
34 34 34 17.5 0 128 519 2 14.3 1 Int2Float
34 34 34 17.5 0 128 519 2 14.3 1 Int2Float
34 34 34 20 0 128 519 1 17.2 1 Int2Float
34 34 34 20 0 128 519 1 17.2 1 Int2Float
34 34 34 25 0 128 519 0 21.5 1 Int2Float
34 34 34 25 0 128 519 0 21.5 1 Int2Float
34 34 34 30 0 128 519 0 21.5 1 Int2Float
34 34 34 30 0 128 519 0 21.5 1 Int2Float
36 36 36 3 0 438 553 7 6.13 1 Int2Float
36 36 36 3 0 438 553 7 6.13 1 Int2Float
36 36 36 4 0 438 553 7 6.13 1 Int2Float
36 36 36 4 0 438 553 7 6.13 1 Int2Float
36 36 36 5 0 438 553 7 6.13 1 Int2Float
36 36 36 5 0 438 553 7 6.13 1 Int2Float
36 36 36 6 0 438 553 7 6.13 1 Int2Float
36 36 36 6 0 438 553 7 6.13 1 Int2Float
36 36 36 7 0 406 550 6 6.12 1 Int2Float
36 36 36 7 0 406 550 6 6.12 1 Int2Float
36 36 36 8 0 340 554 5 6.18 1 Int2Float
36 36 36 8 0 340 554 5 6.18 1 Int2Float
36 36 36 9 0 340 554 5 6.18 1 Int2Float
36 36 36 9 0 340 554 5 6.18 1 Int2Float
36 36 36 10 0 229 549 4 8.09 1 Int2Float
36 36 36 10 0 229 549 4 8.09 1 Int2Float
36 36 36 12.5 0 168 522 3 9.89 1 Int2Float
36 36 36 12.5 0 168 522 3 9.89 1 Int2Float
36 36 36 15 0 168 522 3 9.89 1 Int2Float
36 36 36 15 0 168 522 3 9.89 1 Int2Float
36 36 36 16 0 168 522 3 9.89 1 Int2Float
36 36 36 16 0 168 522 3 9.89 1 Int2Float
36 36 36 17.5 0 128 519 2 14.3 1 Int2Float
36 36 36 17.5 0 128 519 2 14.3 1 Int2Float
36 36 36 20 0 128 519 1 17.2 1 Int2Float
36 36 36 20 0 128 519 1 17.2 1 Int2Float
36 36 36 25 0 128 519 0 21.5 1 Int2Float
36 36 36 25 0 128 519 0 21.5 1 Int2Float
36 36 36 30 0 128 519 0 21.5 1 Int2Float
36 36 36 30 0 128 519 0 21.5 1 Int2Float
38 38 38 3 0 438 553 7 6.13 1 Int2Float
38 38 38 3 0 438 553 7 6.13 1 Int2Float
38 38 38 4 0 438 553 7 6.13 1 Int2Float
38 38 38 4 0 438 553 7 6.13 1 Int2Float
38 38 38 5 0 438 553 7 6.13 1 Int2Float
38 38 38 5 0 438 553 7 6.13 1 Int2Float
38 38 38 6 0 438 553 7 6.13 1 Int2Float
38 38 38 6 0 438 553 7 6.13 1 Int2Float
38 38 38 7 0 406 550 6 6.12 1 Int2Float
38 38 38 7 0 406 550 6 6.12 1 Int2Float
38 38 38 8 0 340 554 5 6.18 1 Int2Float
38 38 38 8 0 340 554 5 6.18 1 Int2Float
38 38 38 9 0 340 554 5 6.18 1 Int2Float
38 38 38 9 0 340 554 5 6.18 1 Int2Float
38 38 38 10 0 229 549 4 8.09 1 Int2Float
38 38 38 10 0 229 549 4 8.09 1 Int2Float
38 38 38 12.5 0 168 522 3 9.89 1 Int2Float
38 38 38 12.5 0 168 522 3 9.89 1 Int2Float
38 38 38 15 0 168 522 3 9.89 1 Int2Float
38 38 38 15 0 168 522 3 9.89 1 Int2Float
38 38 38 16 0 168 522 3 9.89 1 Int2Float
38 38 38 16 0 168 522 3 9.89 1 Int2Float
38 38 38 17.5 0 128 519 2 14.3 1 Int2Float
38 38 38 17.5 0 128 519 2 14.3 1 Int2Float
38 38 38 20 0 128 519 1 17.2 1 Int2Float
38 38 38 20 0 128 519 1 17.2 1 Int2Float
38 38 38 25 0 128 519 0 21.5 1 Int2Float
38 38 38 25 0 128 519 0 21.5 1 Int2Float
38 38 38 30 0 128 519 0 21.5 1 Int2Float
38 38 38 30 0 128 519 0 21.5 1 Int2Float
40 40 40 3 0 438 553 7 6.13 1 Int2Float
40 40 40 3 0 438 553 7 6.13 1 Int2Float
40 40 40 4 0 438 553 7 6.13 1 Int2Float
40 40 40 4 0 438 553 7 6.13 1 Int2Float
40 40 40 5 0 438 553 7 6.13 1 Int2Float
40 40 40 5 0 438 553 7 6.13 1 Int2Float
40 40 40 6 0 438 553 7 6.13 1 Int2Float
40 40 40 6 0 438 553 7 6.13 1 Int2Float
40 40 40 7 0 406 550 6 6.12 1 Int2Float
40 40 40 7 0 406 550 6 6.12 1 Int2Float
40 40 40 8 0 340 554 5 6.18 1 Int2Float
40 40 40 8 0 340 554 5 6.18 1 Int2Float
40 40 40 9 0 340 554 5 6.18 1 Int2Float
40 40 40 9 0 340 554 5 6.18 1 Int2Float
40 40 40 10 0 229 549 4 8.09 1 Int2Float
40 40 40 10 0 229 549 4 8.09 1 Int2Float
40 40 40 12.5 0 168 522 3 9.89 1 Int2Float
40 40 40 12.5 0 168 522 3 9.89 1 Int2Float
40 40 40 15 0 168 522 3 9.89 1 Int2Float
40 40 40 15 0 168 522 3 9.89 1 Int2Float
40 40 40 16 0 168 522 3 9.89 1 Int2Float
40 40 40 16 0 168 522 3 9.89 1 Int2Float
40 40 40 17.5 0 128 519 2 14.3 1 Int2Float
40 40 40 17.5 0 128 519 2 14.3 1 Int2Float
40 40 40 20 0 128 519 1 17.2 1 Int2Float
40 40 40 20 0 128 519 1 17.2 1 Int2Float
40 40 40 25 0 128 519 0 21.5 1 Int2Float
40 40 40 25 0 128 519 0 21.5 1 Int2Float
40 40 40 30 0 128 519 0 21.5 1 Int2Float
40 40 40 30 0 128 519 0 21.5 1 Int2Float
42 42 42 3 0 438 553 7 6.13 1 Int2Float
42 42 42 3 0 438 553 7 6.13 1 Int2Float
42 42 42 4 0 438 553 7 6.13 1 Int2Float
42 42 42 4 0 438 553 7 6.13 1 Int2Float
42 42 42 5 0 438 553 7 6.13 1 Int2Float
42 42 42 5 0 438 553 7 6.13 1 Int2Float
42 42 42 6 0 438 553 7 6.13 1 Int2Float
42 42 42 6 0 438 553 7 6.13 1 Int2Float
42 42 42 7 0 406 550 6 6.12 1 Int2Float
42 42 42 7 0 406 550 6 6.12 1 Int2Float
42 42 42 8 0 340 554 5 6.18 1 Int2Float
42 42 42 8 0 340 554 5 6.18 1 Int2Float
42 42 42 9 0 340 554 5 6.18 1 Int2Float
42 42 42 9 0 340 554 5 6.18 1 Int2Float
42 42 42 10 0 229 549 4 8.09 1 Int2Float
42 42 42 10 0 229 549 4 8.09 1 Int2Float
42 42 42 12.5 0 168 522 3 9.89 1 Int2Float
42 42 42 12.5 0 168 522 3 9.89 1 Int2Float
42 42 42 15 0 168 522 3 9.89 1 Int2Float
42 42 42 15 0 168 522 3 9.89 1 Int2Float
42 42 42 16 0 168 522 3 9.89 1 Int2Float
42 42 42 16 0 168 522 3 9.89 1 Int2Float
42 42 42 17.5 0 128 519 2 14.3 1 Int2Float
42 42 42 17.5 0 128 519 2 14.3 1 Int2Float
42 42 42 20 0 128 519 1 17.2 1 Int2Float
42 42 42 20 0 128 519 1 17.2 1 Int2Float
42 42 42 25 0 128 519 0 21.5 1 Int2Float
42 42 42 25 0 128 519 0 21.5 1 Int2Float
42 42 42 30 0 128 519 0 21.5 1 Int2Float
42 42 42 30 0 128 519 0 21.5 1 Int2Float
